CHR	START	STOP	GENE	PGXt6.best.score.totallist	PGXt31.best.score.totallist	PGXt13.best.score.totallist	PGXt14.best.score.totallist	PGXt24.best.score.totallist	PGXt27.best.score.totallist	PGXt2.best.score.totallist	PGXt32.best.score.totallist	PGXt37.best.score.totallist	PGXt39.best.score.totallist	PGXt4.best.score.totallist	PGXt34.best.score.totallist	PGXt15.best.score.totallist	PGXt22.best.score.totallist	PGXt21.best.score.totallist	PGXt28.best.score.totallist	PGXt18.best.score.totallist	PGXt16.best.score.totallist	PGXt38.best.score.totallist	PGXt36.best.score.totallist	PGXt10.best.score.totallist	PGXt7.best.score.totallist	PGXt25.best.score.totallist	PGXt20.best.score.totallist	PGXt40.best.score.totallist	PGXt19.best.score.totallist	PGXt30.best.score.totallist	PGXt26.best.score.totallist	PGXt12.best.score.totallist	PGXt3.best.score.totallist
chr10	94645665	94645767	UNKNOWN10	0.18947345754937	0.189409774869042	0.189513234893559	0.189129333920706	0.189545365467466	0.189523796748647	0.189247087848591	0.189545121127095	0.189417450312641	0.189330177477699	0.1894060339555	0.189277629650288	0.189544245106954	0.189530395483919	0.189535206808948	0.189516341257438	0.189311153045618	0.189514628418817	0.189501054872835	0.189068431773274	0.189526887528451	0.189356671211964	0.18889099866675	0.189497706038065	0.189535520990222	0.189542958475729	0.18931161325425	0.189365058712274	0.189544956371566	0.189502223281021
chr10	94761842	94761944	UNKNOWN10	0.187776813170743	0.187540564227243	0.187799982749405	0.187763050090754	0.187808907310612	0.187737508822306	0.18767434963772	0.187805049524389	0.187779807324418	0.187790771510256	0.187808755536325	0.187202868342895	0.187803022549168	0.187804800782887	0.187808704244732	0.187676875490578	0.187756622504495	0.187774239106689	0.187808478317183	0.187717535139827	0.187802137255319	0.187607840992163	0.187799794444189	0.187807882592333	0.187779562657048	0.187807409619126	0.187569484246386	0.187745717715914	0.187730111749962	0.187808137049378
chr10	94762678	94762874	CYP2C19	0.187118931397452	0.187071695875046	0.187032591773841	0.187109335876083	0.187053891339213	0.187081063127321	0.187104988523754	0.187100231836464	0.187110763322463	0.187120785055614	0.18705376506627	0.187053972235335	0.186997467958052	0.187100735245409	0.187090931319232	0.187104987777969	0.187118733083334	0.187111954837607	0.187065886955953	0.186914506473318	0.186979945612075	0.186994732600069	0.187117472797074	0.187088300680469	0.187043888791951	0.187015331331068	0.18708561760645	0.18709396813245	0.187113100334553	0.187105730934482
chr10	94775102	94775204	CYP2C19	0.187589129767096	0.187572446084638	0.187565550078718	0.187603367394375	0.187589948282964	0.187574645739787	0.187555660817979	0.187572515617247	0.187601688074218	0.187604165917325	0.187492609820229	0.187385076850971	0.187575126389739	0.187597247093306	0.187538425768739	0.187538815549945	0.187600975698499	0.187419368165459	0.187603511667917	0.187031137033218	0.187480658283875	0.187546617059475	0.187597462664979	0.187584150344404	0.187603199667466	0.18756284021669	0.187604096134037	0.187438031376976	0.187602102679831	0.187526936890782
chr10	94775356	94775484	CYP2C19	0.188065230364121	0.188039406978894	0.188040282826525	0.188047770832774	0.188008695869576	0.187970377796279	0.188024860782086	0.187818879470976	0.188041486610478	0.188031097509957	0.18800874492483	0.187844843575129	0.188051230014933	0.188055022903962	0.188000195796082	0.187889346092408	0.188061135793287	0.187854088424869	0.188050185106201	0.187365254582632	0.188007135208069	0.188060789663825	0.188021891009989	0.188051734482781	0.188058609119819	0.188049709513549	0.188051424246059	0.188042286083982	0.188057964827605	0.187857724675522
chr10	94775505	94775607	CYP2C19	0.187608359190907	0.187610429062769	0.1876103831107	0.187578592550661	0.187578428216091	0.187440261963591	0.187609580571148	0.187455665542399	0.187609815748023	0.187608922703897	0.187542486706102	0.18750569237052	0.187585645932648	0.187589938905774	0.187526011615503	0.1875527636477	0.187596828686755	0.187496773958955	0.187598905218838	0.186829396636317	0.187519683571662	0.187580259018833	0.187571386783346	0.187578022872091	0.187608786031524	0.187566540135422	0.187610367659247	0.187595964269696	0.187609858355192	0.187558617325527
chr10	94780549	94780752	CYP2C19	0.187413728509158	0.187384465774221	0.187441766221089	0.187401820625243	0.18744964845514	0.187361301942976	0.187311895516426	0.187448810860443	0.187427687352435	0.187415150581974	0.187426801175495	0.18682669771409	0.187449524992535	0.187448583547648	0.187449544002326	0.187347581644451	0.187442660090175	0.187288188123307	0.187448493851769	0.187282282977112	0.187447402257657	0.187449442180367	0.187425765545353	0.187448887309881	0.187373054896466	0.187445575492836	0.18736857744414	0.187413446652729	0.187418686344415	0.187428980222743
chr10	94781817	94781982	CYP2C19	0.192894869285721	0.192763085838881	0.192897672580915	0.192916969259368	0.19287418115983	0.192982589783189	0.192310400493147	0.19299854256108	0.192401112047869	0.192667570707798	0.192998317950829	0.191328523199597	0.192796367945842	0.192845865161613	0.192883272926675	0.192954244429968	0.192966980600535	0.192551324061084	0.192835368041033	0.191776084570491	0.192968018048647	0.192995101842027	0.192930346161377	0.192750703456706	0.192866519937157	0.192998600829355	0.192631048216729	0.19283428807677	0.192922115946535	0.192994409777725
chr10	94781987	94782089	CYP2C19	0.18734367219029	0.187291652133666	0.187275807275187	0.187320822074598	0.187357721541777	0.187282559262958	0.187226074583689	0.187356141753342	0.18726214414003	0.187340171889752	0.187345657609447	0.187188988493927	0.187316559907661	0.187355640532636	0.187357924235049	0.187325488662335	0.187351642862034	0.187144731449609	0.187342320083356	0.187353491896185	0.187325744466358	0.187288187557163	0.187354658568354	0.187344090098059	0.187308145386952	0.187282586627775	0.187151848322079	0.187245029053413	0.187293797656016	0.187294651151417
chr10	94842783	94842885	CYP2C19	0.187161302549415	0.187101243921269	0.187094916453117	0.187161532995213	0.187090338126923	0.187160962503811	0.187133729004241	0.187163398535025	0.187145527993046	0.187110537774638	0.187100496129255	0.187083999463181	0.18706991557881	0.187110343849199	0.187144232494483	0.187125630156431	0.187100428153063	0.187154699628639	0.187123046074863	0.187036699599976	0.187070308369417	0.187008604270801	0.187157730669339	0.187082085049148	0.187125322253045	0.187134289523876	0.187062815284965	0.187086313337136	0.187149165112349	0.187149426713831
chr10	94842931	94843033	CYP2C19	0.187413324054299	0.187383367963966	0.187307365712597	0.187413739630064	0.187381212792265	0.187382397311469	0.187413451214302	0.187413444302781	0.187410481006917	0.187413033076794	0.187282002528298	0.187275509463865	0.187403954943899	0.187342702158969	0.187406542091463	0.187311829374934	0.187396267339564	0.187308476396772	0.187377627808809	0.186897634171187	0.187384355732696	0.18736674206784	0.18739330601666	0.187355002362525	0.187391707039907	0.187338641336625	0.187372099280495	0.18735180805047	0.187408739987094	0.18734470070049
chr10	94849952	94850054	CYP2C19	0.186870703040329	0.186833095492929	0.186871361393293	0.186785990860819	0.186843109446938	0.18687466433007	0.186805515307596	0.186861290292598	0.18687495590376	0.186875560154926	0.186750593986458	0.186874785871023	0.186867012209727	0.186870161316492	0.186805098064783	0.186814076522467	0.186872103619135	0.186859598796401	0.186848360413889	0.186569599628615	0.186764420945899	0.186852731771323	0.186873392470674	0.186875603689421	0.186864703425326	0.186823847864942	0.186820969957754	0.186872913762406	0.18686449095093	0.186810848782302
chr10	94852639	94852767	CYP2C19	0.187398459334959	0.187354557860106	0.187377230655679	0.187346821493916	0.187367859456988	0.187381112514747	0.18740078576871	0.187314891756093	0.187378025123403	0.187399034470833	0.187333562068777	0.187334726304906	0.187398420650657	0.187339528982011	0.187373868031879	0.187379279226579	0.187392180460034	0.187343265280825	0.187368136421075	0.186819848901605	0.187269254604506	0.187376363227886	0.187389878938393	0.187391248653821	0.187394374639712	0.187319179193021	0.187325275356157	0.187305260945467	0.187394223739896	0.187327120968863
chr10	94852900	94853002	CYP2C19	0.187288517968305	0.187161601212489	0.187227993766643	0.187285267495263	0.187264706741279	0.187209615721627	0.187285486494795	0.187255223784444	0.187288161387223	0.187268158233571	0.187228294237478	0.187288498628792	0.187236317121128	0.187222642506449	0.187232892715555	0.187213759022924	0.187286531325297	0.187250343509369	0.187282190260464	0.186964296514125	0.187197274960079	0.187230022272562	0.187236309066721	0.187215490594177	0.187288518163558	0.187245742222829	0.187181747861178	0.187234682453486	0.187266311207446	0.187175223864261
chr10	94938662	94938838	CYP2C9	0.187492757045034	0.187380772586239	0.187481240380659	0.187484005914843	0.187441414855754	0.187468586833957	0.187481373689939	0.187501696288789	0.18750219277371	0.187489111348641	0.187481340471206	0.187437146429636	0.187334154378175	0.187345534941691	0.187481382143143	0.187475387213561	0.187496345087778	0.187500769222431	0.187469154234283	0.187140923221539	0.187304978100831	0.187389604412352	0.187485655409125	0.18735367143724	0.187496539871832	0.187422607399583	0.187499591059195	0.187486507507736	0.18749315034834	0.187395192385543
chr10	94941857	94941959	CYP2C9	0.187873483675752	0.187830752854226	0.187800244074307	0.187869569873478	0.187825676860522	0.18779126422712	0.187871445620282	0.187846962520481	0.187875355518186	0.187860228694828	0.187771753890834	0.187731165132833	0.187869544957391	0.187857402887886	0.187737339468545	0.187767953001652	0.187875481098231	0.187733279333736	0.187799383667211	0.187251288559083	0.187741332042047	0.187856073252719	0.18786505907465	0.187838293568214	0.187865459654153	0.187796126193105	0.187825009302296	0.187843499059866	0.187861018991131	0.187685286879749
chr10	94941963	94942065	CYP2C9	0.187465680007279	0.187441235568694	0.187376764054878	0.187459002595197	0.187385754005237	0.1874154760797	0.187466482374743	0.187393251710472	0.187467819144515	0.187455159151777	0.187397771954609	0.187293364929868	0.187453681317147	0.187445834760984	0.187401265130184	0.18739437290904	0.187466984865935	0.187368408147191	0.187363248576304	0.187052466652834	0.187381550359394	0.187426409883806	0.187446126200181	0.187440820416872	0.187449409514275	0.187438337338543	0.187416296753532	0.187443161437239	0.187460219984542	0.187359969118256
chr10	94942189	94942296	CYP2C9	0.187868174015518	0.187873545132195	0.187830067971004	0.187879096208405	0.187837183353591	0.18771760599427	0.187870572227813	0.187774154137871	0.187861721882309	0.187878675440278	0.187750688402153	0.187683690245909	0.187879054547451	0.187842697705235	0.187814247531517	0.187759636596499	0.187870950117924	0.187725802119378	0.187860607686125	0.187243280969884	0.187746193855289	0.187875264957768	0.187822858566433	0.187854851140003	0.18785893554093	0.187737367374498	0.187879118340129	0.187868031940439	0.187872548415148	0.187785726716274
chr10	94942307	94942409	CYP2C9	0.187469370022875	0.187444995990619	0.187466531406117	0.187459565616867	0.1874334652777	0.187402060070422	0.187471827929331	0.187441450864036	0.187453499232651	0.187471838793936	0.187419757273624	0.187303555224697	0.187464161559106	0.18742745489934	0.187347743188501	0.187371149264879	0.18747159867002	0.187457943646443	0.187426505092452	0.186876314859605	0.187358169243615	0.187461850276023	0.187462460735986	0.187408979817164	0.187470926907156	0.187313074526318	0.187470009580856	0.187455783279172	0.187468774595791	0.187383701083205
chr10	94947690	94947792	CYP2C9	0.196355911249864	0.196122668393497	0.196210465541842	0.196028911625707	0.19646223625221	0.196450706160671	0.19545931828462	0.196448378542346	0.196359204003288	0.196175637146243	0.196228374639776	0.194427484720498	0.196033943252991	0.193120514943208	0.196411908857838	0.196453351014026	0.196422013804847	0.196234235332976	0.196236022228964	0.195611733050136	0.196389886123001	0.196461399155107	0.196458460472586	0.196428314404901	0.196003816833914	0.196404453527286	0.196331276944191	0.196461083321897	0.19646173678818	0.196348373808831
chr10	94947868	94947970	CYP2C9	0.187742901504286	0.18773893886075	0.187809224577149	0.187770950509271	0.187800761324797	0.187761440247938	0.187565421307188	0.187807717207838	0.187798530220399	0.187779434289294	0.187798465857408	0.18725505356061	0.187805224929536	0.187805664247016	0.187798902873422	0.187673346688905	0.187804190145986	0.187632968049806	0.187802009905421	0.187576743305505	0.187783800364178	0.18780937561477	0.187808507410927	0.187776547518274	0.187763834636094	0.187806924361757	0.187606131393272	0.18767976106307	0.187809241792749	0.187741393439716
chr10	94949091	94949193	CYP2C9	0.195815457302297	0.195769555025467	0.19590274593972	0.195865165316857	0.19591981882409	0.19574966452762	0.195328848310595	0.195920729728165	0.195568584454388	0.195592630316904	0.195878589124868	0.192015575534466	0.195897427101284	0.195817659398266	0.195861140335518	0.195732426665745	0.195914352761664	0.195610957972124	0.195767712942406	0.193249136440108	0.195891903278679	0.195900769483783	0.195913473519752	0.195863209685167	0.195540545744994	0.195919883992819	0.195649110323093	0.19587292116494	0.195792880811647	0.195913757206139
chr10	94949211	94949313	CYP2C9	0.1884957382595	0.188364609138056	0.188531128626504	0.188564948245793	0.188576521749757	0.188496083638969	0.188360236716069	0.188579361315919	0.188496656485478	0.188475435616678	0.188578896847836	0.187734275692032	0.188530007995311	0.188519038388061	0.188554795585957	0.188478077983156	0.188575321986825	0.188309950703534	0.188562507961074	0.188396256509924	0.188578053367914	0.188579613738112	0.188577007314536	0.188574070088702	0.188342039259999	0.188578410710591	0.188374411574297	0.188525561576609	0.188548477021521	0.188571365211352
chr10	94972106	94972229	CYP2C9	0.187492576316223	0.187502028817697	0.187511903193989	0.187491185813912	0.187467173805274	0.187474810793575	0.187475381959121	0.187511966294408	0.187532542921905	0.187527961918797	0.187404657567719	0.187508980175567	0.187533338849493	0.187496686145633	0.187513285928852	0.187366489626078	0.187514251372068	0.187407668396907	0.187498668808461	0.187252627537297	0.187475053916924	0.187390350767358	0.187503880854669	0.187519266595386	0.187531083984441	0.187431910018014	0.187472582343599	0.18744563832872	0.187533473524672	0.187322728567165
chr10	94981098	94981200	CYP2C9	0.186777761998331	0.186681178909627	0.186758959369011	0.186773617787992	0.186781162668869	0.186732714540041	0.186770772000854	0.186757603463671	0.186781313645371	0.186781001749305	0.186747762185102	0.186763538670843	0.186751971057099	0.186753138121614	0.186720258202778	0.186710769128804	0.186771875427072	0.186717041719587	0.186745425037914	0.18664793978005	0.186741814012228	0.18673543424882	0.186705058109904	0.186763331417389	0.186727429843814	0.186707823689795	0.186770238632247	0.186754947772421	0.186770055363157	0.186723160086462
chr10	94981221	94981323	CYP2C9	0.187390053442512	0.187326433805643	0.187353310703853	0.187394629891521	0.18735891410471	0.18733172107404	0.187395936960542	0.187371806831879	0.187390107994081	0.187394817539063	0.187286981526861	0.187346490594788	0.187369608918776	0.187351557996861	0.18735402942226	0.187286394147187	0.187394370498479	0.187244650711575	0.187330161130833	0.186902086351799	0.18728734869027	0.187357365546534	0.187384324787251	0.187374522288941	0.187386516448811	0.187345427267136	0.187386039821993	0.18733845257985	0.187391140987461	0.187298773422376
chr10	94981368	94981471	CYP2C9	0.186865624853925	0.186855738979236	0.186899899746068	0.186899493605833	0.186906248676908	0.18683641830329	0.186904192151007	0.186902657246142	0.186751731348645	0.186904373690142	0.186570658969862	0.186870706003161	0.186891488867267	0.18690622843942	0.186881145855403	0.186788141101587	0.186894352105472	0.186791845969161	0.186902160607277	0.186900485699165	0.186858449987536	0.186884254420356	0.186869152422247	0.18690630072682	0.186898413393505	0.186897619124002	0.186877757696212	0.186869665652842	0.186889711736888	0.186867280664253
chr10	94986031	94986192	CYP2C9	0.187089975154198	0.187083380517545	0.18706195440557	0.187090460181116	0.187063052952915	0.187052447512927	0.187072243027231	0.187064844646336	0.187103862518629	0.18710075198476	0.187013292938021	0.187101077073603	0.187096485556518	0.187083338353918	0.187095216477098	0.186980356267231	0.187099957602107	0.187027755403043	0.187040894745204	0.186809552625189	0.187056986753037	0.187070321076503	0.187103189276879	0.187103270191787	0.187100228946879	0.186954637190753	0.187014248896368	0.187067886389828	0.187102239970998	0.186959631600945
chr10	94988849	94989023	CYP2C9	0.187290128274165	0.187316261137443	0.187293078537294	0.187339160643833	0.187304474521422	0.187255700806093	0.18733606727483	0.187303185567679	0.187340533352673	0.187342926032045	0.187231869425753	0.187274023011511	0.187332574454697	0.187273113518268	0.187294366483027	0.18732505671244	0.187342962422114	0.187314465421739	0.187269500203653	0.186842828264628	0.18724870990929	0.18734203523632	0.187294295069106	0.187203107053691	0.187329113793152	0.187283646465089	0.187322887818182	0.187339199016607	0.187340058570585	0.187263687615409
chr13	48037751	48037854	NUDT15	0.192544873428064	0.192579818440995	0.192322627915623	0.192389217883313	0.192373397897308	0.192561337034891	0.192537070270857	0.192290656831792	0.192576389264891	0.192379562185188	0.192572299805644	0.192559156028531	0.191825176759612	0.191818686678057	0.192148269320972	0.192558219274007	0.192414920729903	0.192361349390694	0.192284904469061	0.19222422180754	0.192579549231567	0.192564149436908	0.192584164630407	0.19125500155641	0.192248607124169	0.192584336585783	0.192275410711024	0.192558584665554	0.191959709779933	0.192581692336004
chr13	48045662	48045764	NUDT15	0.191537427819308	0.191606196471312	0.19149024449554	0.191374497880278	0.191664461939425	0.191610922760431	0.191372990385726	0.191640676503721	0.191664584472626	0.191667933367281	0.191482578661475	0.191052330214482	0.19165289998478	0.191666987224317	0.191632985568981	0.191458384676716	0.19152710831373	0.191667091033969	0.191570632235221	0.191668211417349	0.191602707892158	0.191506420176404	0.191649720180486	0.191647390503447	0.189599360274855	0.191647121283943	0.190746612591041	0.191510094856373	0.191399301872111	0.19164317593855
chr16	31093389	31093491	VKORC1	0.188587629039441	0.188591903582948	0.188532176093431	0.18858924239348	0.18853093793814	0.188568972203407	0.188583653892992	0.188438963815308	0.18853596310796	0.188591061155039	0.18858932956109	0.188412325577235	0.188274489653593	0.18834498241442	0.18855649219326	0.188577836813619	0.188472417162469	0.188592275505788	0.188564156797771	0.187938412317273	0.188513784359255	0.188474238972146	0.188541606946826	0.188523661111405	0.188561596467318	0.188323476225006	0.188555122942458	0.188591683266842	0.188289443072954	0.188544605914584
chr16	31094524	31094626	VKORC1	0.190589188793913	0.190723030734765	0.190745795048779	0.190710683613683	0.19059817844093	0.190746548627515	0.190722381919877	0.190316682344935	0.190712680720959	0.190690809554607	0.190641579511781	0.190682015506536	0.189948792514249	0.190338985273927	0.190455344906001	0.190731907427403	0.190379146160365	0.190666840534735	0.190677291950556	0.190442333805204	0.190740480380545	0.190726406942234	0.190749228600572	0.190279341970777	0.190714474471052	0.190623095987131	0.190317062430776	0.190733023435969	0.190211293563783	0.190691818342822
chr16	31096359	31096461	UNKNOWN16	0.188153496931157	0.188157299692284	0.188114236864361	0.188181946861301	0.187977403167697	0.188181007319827	0.188132024072163	0.187991112025682	0.188126072609818	0.188182338595119	0.188162849234722	0.18809785267039	0.187824543357613	0.187936715169389	0.18811253933356	0.188158889899557	0.188122193498319	0.188180604468763	0.188145363762145	0.187753668591992	0.188180128955415	0.188133711694272	0.188177455429344	0.188168147994957	0.188112662883325	0.187958219320586	0.18816615655783	0.188163137013771	0.188001757295088	0.188160848026059
chr19	15879568	15879670	CYP4F2	0.189142690838102	0.189209019910784	0.189186622157706	0.189233500992209	0.18913165590102	0.189217349022178	0.189125952722236	0.188962373659475	0.189235484889366	0.18920648477521	0.189216501533115	0.189080906062853	0.188848472914175	0.189120860550518	0.189135889810887	0.189185881748933	0.188781894638934	0.189200854826709	0.189091011868554	0.188705442668456	0.189007344867918	0.189111234685266	0.189123390764099	0.189118403445969	0.189141723908461	0.189128652996463	0.189227661687322	0.189235376622418	0.189165168283241	0.189147574940976
chr1	97078964	97079146	DPYD	0.187500343043777	0.187421538433118	0.187440611560525	0.187506886727736	0.187453069217438	0.187459692314574	0.187510067831619	0.187489235052809	0.187508528951011	0.187509731068726	0.187347898487907	0.187453434000557	0.187484723693663	0.187477524339556	0.187452379996585	0.187382458934578	0.187505274870462	0.187499523863529	0.187461780672057	0.187060715828969	0.187414430056872	0.187408805789355	0.187482716668955	0.187454270461951	0.187499883863158	0.187474670412642	0.187508074312396	0.187400601821628	0.187506882636947	0.187354822257192
chr1	97082319	97082478	DPYD	0.186878149424851	0.186820729071521	0.186825110333533	0.186859376015782	0.186900666961084	0.186877988230515	0.186881433089254	0.18689399514511	0.186886469425597	0.186890832167285	0.186847769380718	0.1868887255125	0.186876923287434	0.18690036438866	0.186889495445275	0.186769786448765	0.186892367971313	0.186749841070944	0.186885743663151	0.186771185916755	0.186845407035913	0.186900479513041	0.186873543905172	0.186899864309403	0.186901350714584	0.186874346456587	0.186836142283828	0.18686518494544	0.186901253877185	0.186712425777528
chr1	97098478	97098632	DPYD	0.188205247945674	0.18819338306451	0.188284120541232	0.188180737101774	0.188331748801772	0.188280079173225	0.188200916859176	0.188332870783794	0.188309109128813	0.18828389263779	0.188309531846503	0.187696188592151	0.188320684440796	0.188331076010919	0.188334021988586	0.188151131321278	0.188321101976559	0.188135110026385	0.188329313489307	0.187945202773234	0.188305665094194	0.188324416987751	0.188293574976748	0.188324532875651	0.188329782200112	0.188332947549217	0.188135470880792	0.188233516237028	0.188330843694105	0.188231459086999
chr1	97193059	97193291	DPYD	0.187429419519812	0.187382437010929	0.187359806345547	0.18739782586396	0.187427368618092	0.187368665168313	0.187415270904956	0.187423692731757	0.187434430873378	0.187433524014709	0.187332405292794	0.187390477929155	0.187429910701412	0.187408516546198	0.187396765357653	0.187352716515537	0.187433606915843	0.18733782837351	0.187400338958811	0.187095478171842	0.187322827374541	0.187380383733015	0.187405265575927	0.187401609114323	0.187430729486974	0.187346099282736	0.187329606385973	0.187382634642341	0.187434254591455	0.18715777615211
chr1	97234841	97234998	DPYD	0.187764138115956	0.18763418914247	0.187661996886136	0.187719979513242	0.187763725934338	0.187705832022946	0.187761480641541	0.187741490827342	0.187755232774127	0.187764862413015	0.187534288519847	0.187735970984661	0.187764923983371	0.187693668278625	0.187729592522333	0.187668325933545	0.187756516392475	0.187738185483381	0.187704751240139	0.187261587862368	0.187672623792212	0.187692874961121	0.187727813653174	0.187713725740666	0.18774673215486	0.187716565337177	0.187752585905339	0.187734460404922	0.187763305026764	0.187434231962768
chr1	97305248	97305410	DPYD	0.187587258499837	0.1875793735445	0.18752576938754	0.187573859427303	0.18750749140181	0.187532397730298	0.187591265509229	0.187580994041717	0.187590181593776	0.187590669289931	0.187422489589186	0.18753509901927	0.187592147378426	0.187512095548471	0.187561686225891	0.187530541882447	0.187587757007601	0.187481603756175	0.187548113431319	0.187188991723058	0.18746970515636	0.187552629445241	0.187520876744011	0.187522343871444	0.187562750158126	0.187559580329087	0.187557882337142	0.187556807496072	0.187582414298277	0.187305416563788
chr1	97306166	97306328	DPYD	0.187889588961998	0.187772529205433	0.187838484024488	0.187884007504647	0.187875446427676	0.187862778752707	0.187884395061141	0.187878926795113	0.187892699848004	0.18789141859621	0.187684015271388	0.187861892659703	0.187866987010424	0.18780906054208	0.187855224548771	0.187789388170911	0.18788871231777	0.187876715960441	0.187833157366031	0.18752149337389	0.187685161555553	0.187860132458261	0.187846633285081	0.187854842601109	0.187894071444576	0.187847824771767	0.187756962392883	0.187771346340583	0.187891941675725	0.187509068202777
chr1	97373550	97373652	DPYD	0.187200705511436	0.187038827460611	0.187172678407157	0.187174356926495	0.187122559822634	0.187112963004976	0.187201269753403	0.187201268308546	0.187198608795471	0.187198702775855	0.187160222569263	0.187197296997275	0.187176355569286	0.18719036582838	0.187178170391874	0.187055048286886	0.187198176379489	0.187200924493203	0.187139120305704	0.187002341278569	0.187056345428074	0.187150346588363	0.187186577136669	0.187174254978742	0.187194000859071	0.187076958985075	0.187102639231165	0.187196594915924	0.187201214409664	0.187026100841629
chr1	97382372	97382477	DPYD	0.205117826398071	0.205118751045717	0.205187476962389	0.205306492941306	0.2051700934439	0.205061264334543	0.204534901520796	0.205341194022911	0.204647694839696	0.204862657491567	0.205252460695095	0.198180529798271	0.205069300150847	0.205250392033478	0.20527360173317	0.205095949512328	0.205352653450899	0.204787318759325	0.204708230131602	0.200254596582193	0.205228586765537	0.205295054069772	0.205355703420964	0.205131245403031	0.204798709814487	0.205349278121174	0.205043910428567	0.205149547808558	0.205107588540272	0.205358311754654
chr1	97450047	97450223	DPYD	0.187957227846008	0.187902128723844	0.187887637732476	0.187827162581491	0.187985956341884	0.18778694207746	0.187932713745429	0.187983334417174	0.187980627660013	0.187989622401983	0.187882136961896	0.187743626688824	0.187938127550519	0.187988633896079	0.187974721204201	0.187747215310418	0.187989542552268	0.187833716932329	0.18798663192942	0.187951838739062	0.187885532585811	0.187988820473277	0.187892406132015	0.187989081257162	0.187981984166568	0.187980672843258	0.187704969091559	0.187989490235311	0.187986791070476	0.187657329253033
chr1	97515715	97515980	DPYD	0.187725875842113	0.187583040358779	0.187675847523952	0.187681534754738	0.18776378633975	0.18768482017101	0.187673254792622	0.187770856837441	0.187689570193064	0.187766771092624	0.187657011097201	0.187530037015825	0.187758725298609	0.187779268811911	0.187779667909564	0.187635235591345	0.187777798577588	0.187697696393857	0.187751912688775	0.187776111969164	0.18775128256064	0.187760237736601	0.187675961333403	0.187775565942986	0.187769172579732	0.187777838941929	0.187540855269988	0.187730411915937	0.187779531216815	0.187525781483737
chr1	97549548	97549766	DPYD	0.187400442348768	0.187343011072946	0.187392715291623	0.187302657357781	0.187414369257544	0.187275991266624	0.187387739552869	0.187414159677173	0.18740639276579	0.187407887046186	0.187308471385402	0.187186562229818	0.18741448357248	0.187408760806296	0.187411779375006	0.18727430969308	0.187402192807057	0.187337689350127	0.187376548386631	0.187391810586625	0.187322931563105	0.187388560805159	0.187327251765487	0.187413274323621	0.187414517530664	0.187349221159939	0.187300066025415	0.187323455475325	0.187405502634989	0.187162398279255
chr1	97573748	97573985	DPYD	0.187590264764614	0.187599892687025	0.187609117366603	0.187500696297804	0.187653273204446	0.187573695891134	0.1875733612051	0.187652725780976	0.187635521322181	0.18765546614198	0.18749494363912	0.187625354868088	0.187496516587971	0.187638237932598	0.187656420888231	0.187533426131634	0.187577826762807	0.187403852763367	0.187641843576423	0.187564515417388	0.187654963327719	0.187641775499375	0.187633424300366	0.187654265652494	0.18764701528152	0.187628620444482	0.187505996972838	0.187537359102112	0.187649975747602	0.187443027391737
chr1	97593206	97593387	DPYD	0.187578403699878	0.187551973237995	0.187602544145189	0.187561175380648	0.187611986175479	0.187491824066456	0.187596363806059	0.187567750125355	0.187582173388437	0.187585647471514	0.187591383546191	0.187574731343326	0.187623768993948	0.187559431192211	0.18757689531947	0.187488213797495	0.18762597445639	0.187480247664824	0.187607309441284	0.187414353343756	0.187567626173274	0.187610931425531	0.187554614826147	0.187624084845854	0.18762450560114	0.18758235590325	0.187601204669838	0.187508961551977	0.18759934486899	0.187281938741839
chr1	97595047	97595175	DPYD	0.18796203282938	0.187898408013712	0.187944272016331	0.187783673736721	0.187990251565271	0.187899075796129	0.187952881666077	0.187985675426027	0.18797405665174	0.187983886712574	0.187931063851099	0.187352517569585	0.187945593248328	0.187966463417909	0.187976815581759	0.187872852834863	0.187990543096524	0.187939455026122	0.187957347106179	0.187862602016709	0.18791728419161	0.187985244165924	0.187903567581181	0.187974887131499	0.187979448379591	0.187978479518816	0.18767355813019	0.187928046237886	0.187979057774421	0.187865660993455
chr1	97679084	97679188	DPYD	0.206476608444421	0.20617100100277	0.206411018070432	0.206522836083847	0.206433461321182	0.206573078380188	0.205454311950901	0.206523562098533	0.206040905695644	0.205892849076099	0.20655054454116	0.199217886182152	0.206415484401796	0.206300549319071	0.206139278764237	0.206441831788536	0.206560728083542	0.206043105892505	0.206307090573548	0.20060315821143	0.206490151856902	0.206548546790329	0.206584204118576	0.206517852345096	0.205721867891525	0.206583967175935	0.206148710652361	0.206437093781891	0.206247482685081	0.206503513483053
chr1	97691706	97691808	DPYD	0.187569751972775	0.187541681174908	0.187529487002511	0.187397682380074	0.187571754979861	0.18751511952063	0.187403847987284	0.187544378142506	0.187568682527905	0.187564633355779	0.187460853680236	0.187392710744624	0.187552748576953	0.187567657173706	0.187571957804923	0.187353428378345	0.187571916918752	0.187534077845038	0.187556066223696	0.187571840332603	0.187478370262781	0.187545273141123	0.187514319391028	0.187570975909238	0.187546068299594	0.187569994791711	0.18738946380023	0.187484968100329	0.187548247821794	0.18723713122142
chr1	97699340	97699595	DPYD	0.187841447556475	0.187721656695175	0.187793445356249	0.18780761943716	0.187836085296727	0.187689134966884	0.187715063758166	0.187829458311286	0.187850340382273	0.187849564669444	0.18765941333849	0.187837424036904	0.187691913044019	0.187850457390826	0.187833361891631	0.187656137364342	0.187770033316771	0.187767152301606	0.187846558057068	0.187769500309462	0.187815863284095	0.187848031438468	0.187820897010162	0.18784693377664	0.187843544296761	0.187808422467715	0.187667721442375	0.187752604920696	0.187798764875062	0.187485470292822
chr1	97720875	97720979	DPYD	0.19003517881566	0.189888269159659	0.190048896910447	0.189537362966583	0.190056579586559	0.189996597293329	0.189416014197315	0.190054225584236	0.190031363725533	0.190017203933466	0.190050707311828	0.188686875505126	0.190010479590022	0.190056148283184	0.190039516945786	0.189894942485972	0.189991032104518	0.189969815986523	0.19004368443096	0.189512450069769	0.189994648712833	0.190056160441587	0.190034477229342	0.190017826802683	0.189964656815775	0.190052294031272	0.189791840387815	0.19000203284987	0.189969616116257	0.190008704425491
chr1	97721499	97721671	DPYD	0.188068058261404	0.188020953891485	0.18792883453529	0.188036411391087	0.188042498368224	0.187983232983045	0.188041570979693	0.188064273592436	0.188056240288878	0.188057585740164	0.187935350944245	0.188040630495762	0.188068318087635	0.188056419415653	0.18801306576805	0.187998070801111	0.188057771001935	0.187990556653326	0.187996901340455	0.187686565430431	0.187740476593332	0.188022141103543	0.187929912501449	0.187993282264017	0.188042516565469	0.188031870710766	0.187956106198391	0.188003298267682	0.188008358129699	0.187754803398059
chr1	97740385	97740503	DPYD	0.187239294897748	0.187173178950529	0.187232238147288	0.187046015598029	0.187289480686531	0.187287252500521	0.187177818964039	0.18727672805215	0.18728938582555	0.187276175071549	0.187184393710563	0.187145622685738	0.187274306241209	0.187288099500868	0.187289388376402	0.187146664725647	0.187261372558359	0.187225652433065	0.187278901765105	0.187288640077714	0.187281834620105	0.187273703627362	0.187244719995201	0.187289229148984	0.187280417463767	0.187272472589806	0.18720227592332	0.187204191735215	0.187251811473926	0.187068968482435
chr1	97828103	97828205	DPYD	0.187786246464885	0.187774686348293	0.187738063273776	0.187750254773754	0.187802343990152	0.18762046287775	0.187742939597671	0.187800784921949	0.187782314196599	0.187803758221117	0.187495140362217	0.187801131521951	0.187732714540662	0.18777649009742	0.187803511121178	0.187757935719615	0.187806191090695	0.187730390521864	0.187646717562338	0.187546658910754	0.187753204456043	0.187806308619918	0.187714002479005	0.187777649797327	0.187793245228869	0.187773345048142	0.18779440383906	0.187713383491247	0.187727797825127	0.187467724850896
chr1	97883244	97883379	DPYD	0.191768237356521	0.191748760857378	0.191901368970577	0.191707187169088	0.19196892573189	0.191748857814956	0.191559007519337	0.191950728504993	0.191864354810585	0.191889500220652	0.191961182859488	0.190191999004197	0.191830121458037	0.191847774695142	0.191969972056946	0.191884725660516	0.191967060190084	0.191680130420403	0.191963225046334	0.190894699359069	0.191954190677495	0.191965304099262	0.191914848593129	0.191834175780202	0.191687376534367	0.191961470663166	0.191581950631487	0.19167918994327	0.191932889153675	0.19191393001984
chr1	97920862	97920964	DPYD	0.189743711955747	0.189792135755283	0.189767377530635	0.189568566971186	0.189736106562901	0.18968126983109	0.189747727737214	0.189755223577613	0.18976889158801	0.189772309531597	0.18976146609793	0.189413641965417	0.189612514176792	0.189481111302855	0.189317599698965	0.189790391385836	0.189747660354625	0.189794586731279	0.189720245309302	0.188917568929946	0.189649838733823	0.189794178699746	0.189756112344102	0.189027212491565	0.189793171768282	0.189786140272895	0.189737784042854	0.189762322857194	0.18979066365242	0.189645032507882
chr22	42126573	42126747	CYP2D6	0.224889178367543	0.213560034949644	0.224967655966891	0.224966599620782	0.224948852086398	0.214794133974238	0.213208426167844	0.224966006346617	0.224950670017042	0.224966808005758	0.224766560032596	0.22458837636536	0.223754036448819	0.224949350448265	0.224959465942713	0.224920906432795	0.22434920983113	0.224806138703164	0.224857264653034	0.224429087946238	0.224937782176851	0.224966314955316	0.224946423378182	0.224939455514879	0.22493561567106	0.224957839061542	0.224962339758641	0.224966046026965	0.224589062589658	0.224531898907452
chr22	42126857	42127023	CYP2D6	0.238820366991421	0.237656623249779	0.23879024555991	0.23757888390835	0.23847371431851	0.237947005366551	0.237356058538493	0.238707478078834	0.238803732441057	0.238753117839599	0.238402383525785	0.238219801656866	0.234618512261778	0.23692356170259	0.238753774254402	0.231864894975559	0.238753275488495	0.238342894940447	0.238546229118145	0.233573684697141	0.237058940100453	0.23733536096747	0.238158243347147	0.238873779353711	0.238608291499505	0.236773926937689	0.23759848718659	0.231783274973119	0.233982370990366	0.235204715720128
chr22	42127446	42127681	CYP2D6	0.221609687521308	0.220085800332259	0.221496544793267	0.220031310892596	0.221872704769414	0.220381095203598	0.218869153050089	0.221037278170702	0.221889498847525	0.221793913360826	0.221427320694493	0.221157658300838	0.221098670187785	0.22103810248812	0.221801757032101	0.214840357534755	0.221586929969022	0.220412378209014	0.221908559086027	0.219730205810677	0.221082047809952	0.221359743067688	0.22190948686941	0.221965391295365	0.221154172272678	0.220882449968067	0.219856997309468	0.221624618110559	0.220510169976628	0.219711039704453
chr22	42127782	42128039	CYP2D6	0.227579168536721	0.227135198749488	0.228938315944183	0.227308507361958	0.229228735909923	0.227601789751181	0.226661411828075	0.228880061102608	0.229050455189155	0.228946734696136	0.228582062798731	0.227578024360353	0.229089054242858	0.229066789295426	0.229231779345685	0.227060771234609	0.228785475754745	0.228173168005765	0.227809451652745	0.228808573916482	0.229170844491698	0.22923674537232	0.227986558598917	0.229329247889558	0.228674522362659	0.229165400466065	0.227005080502477	0.227291164490171	0.228677241551169	0.228120722080144
chr22	42128161	42128360	CYP2D6	0.227287606061474	0.227028275395815	0.228852091909842	0.227232740845987	0.229329712479706	0.227901982997429	0.226603171283503	0.229388418943877	0.229225922917121	0.229215466772831	0.228535427628653	0.227847288257186	0.229548081665067	0.229433952923234	0.229377623306659	0.227377349274157	0.229009868034141	0.227720195779551	0.227610739978269	0.229262565362691	0.229262479205676	0.229517389539939	0.228473347839466	0.229504514489987	0.228620831536854	0.229183368624366	0.226757436349223	0.227102213656265	0.228875067061923	0.228029092069697
chr22	42128763	42128953	CYP2D6	0.230520980981045	0.228782609087977	0.230006104983377	0.228880850947149	0.23096696866951	0.229119252376859	0.228649377635293	0.230972814271154	0.230846352410994	0.230813411034199	0.23033308310108	0.229138682287976	0.230589957508023	0.230388738043171	0.230922897429862	0.225899511983702	0.230065813689856	0.229227597635139	0.230748008971221	0.230334967510353	0.230077901313692	0.230429733095761	0.230565162064119	0.231089383417867	0.229532405983274	0.230157877858844	0.228702570050929	0.226527000747238	0.228400688504861	0.229349898783828
chr22	42129013	42129195	CYP2D6	0.2277655278409	0.227660004514719	0.229189733718589	0.226982239609844	0.229777215885698	0.228245316400396	0.228275369411039	0.229696288048497	0.229528549049969	0.229587215704095	0.228683470579205	0.228015932730849	0.229818537949996	0.229915027160095	0.229782379948262	0.227366142536977	0.229282677391694	0.228184412928017	0.228697923868147	0.229055387111306	0.229313345739454	0.229471717060993	0.228196072685244	0.230020599076356	0.229352896655389	0.229368485684914	0.226649583566728	0.227465307550085	0.229446810721921	0.228415820128406
chr22	42129727	42129977	CYP2D6	0.218213367425254	0.217576659738961	0.219262150462468	0.217758193752455	0.219772436098166	0.218787314376729	0.217890705192212	0.219788017730149	0.219427519938293	0.219452450663612	0.218796779448511	0.217759777993589	0.219993487370613	0.219951878221433	0.219785336445263	0.218296906868526	0.219612051195078	0.218611554911586	0.21823493118722	0.21965866430495	0.219558589137056	0.21976168819661	0.218699584290733	0.219993553900616	0.219213822982293	0.219771471782379	0.21707468140278	0.218507587043369	0.219771042454929	0.218843017102081
chr22	42130609	42130837	CYP2D6	0.22874774745114	0.228518572188864	0.230556581128786	0.228357900646736	0.230505006990902	0.229175475457326	0.228252702817934	0.230235175127462	0.230042633754247	0.230287549566898	0.228957110996589	0.228550785750406	0.230215423571829	0.230543086424135	0.230407333699163	0.228898714910502	0.230189128493126	0.229343160250358	0.229221553972387	0.229483209779565	0.230258350797978	0.230454080021277	0.228451052524486	0.230897174928246	0.230353383846883	0.230395862849664	0.228139196474499	0.228636083752587	0.230157438895604	0.229439911826225
chr6	18130685	18130787	TPMT	0.187437082396035	0.187434237494927	0.187453179209768	0.187310497319778	0.187346773866617	0.187418503838149	0.187312032965521	0.187378642740931	0.187345264253963	0.187382411234073	0.187452466568613	0.187227783284139	0.187388381374006	0.187353420649166	0.187451672767629	0.187405814354038	0.187371619316868	0.187450275313683	0.187430189098321	0.187438448837669	0.187444155431617	0.187446094379124	0.187417248651311	0.18745256710516	0.187337937591119	0.187397622406771	0.187448408958867	0.18744622364908	0.187173713037407	0.187434099120059
chr6	18138901	18139004	TPMT	0.202554995575204	0.201719942988147	0.202568564928179	0.202353833249421	0.202455684717774	0.202435380230222	0.201369746905421	0.202373314989789	0.201663339035034	0.201775602908791	0.202571650876751	0.200458105557566	0.202540730279241	0.20237888437892	0.202389151905353	0.202520734248577	0.202562272385811	0.20246946723927	0.201935481641516	0.201374161547925	0.202491740446236	0.202315339249828	0.202398582729567	0.201912935050994	0.2012419781366	0.202367504673707	0.202572069552795	0.200023976951156	0.199904318720896	0.202569993680103
chr6	18139589	18139691	TPMT	0.187228883512232	0.18721384454608	0.18723721566433	0.187180596293221	0.187217971276425	0.187252014448995	0.187145476000337	0.187117943976501	0.187175701542097	0.187241807392455	0.18725212779242	0.187020480330526	0.187156440155549	0.187176224116512	0.187208457055645	0.187166923426449	0.187173120387157	0.187230586015288	0.187252148305722	0.187242490997133	0.187237961541526	0.187252076741698	0.187238813412116	0.187250959851991	0.187206767534783	0.187187537782972	0.187230595287289	0.18724770350242	0.186969020030992	0.18724768041694
chr6	18143710	18143812	TPMT	0.189468860115326	0.189461123231879	0.189473817888673	0.189032809918129	0.189471302838866	0.189475167208287	0.189060585481293	0.189385504436634	0.18923471327817	0.189342382334832	0.189451971753281	0.188482468399444	0.189324074781419	0.189472656680441	0.189473083534318	0.189475470778992	0.189382551269203	0.189472689186965	0.189392048856536	0.189075677133576	0.18944746986182	0.189463831540842	0.189472815755885	0.189435499589364	0.189185715186102	0.189402574987054	0.189346813369077	0.189472148278078	0.189306562491175	0.189447146490714
chr6	18148934	18149036	TPMT	0.187251446453898	0.187236687632124	0.187242481147963	0.187042258018408	0.187175325753367	0.187251971111947	0.187211689421779	0.187145349151803	0.187195956592496	0.187141661557317	0.187249897021828	0.187195298469263	0.187023139362542	0.187194332973365	0.187211331205433	0.187249474872161	0.187204726800376	0.187249943500148	0.187251977394019	0.187203240274118	0.18724064914283	0.187171735587304	0.187248653413481	0.187247030181506	0.187153067435877	0.187188942082404	0.187207587869363	0.187245629453588	0.187071280379946	0.187252018573345
chr6	18149116	18149218	TPMT	0.188028871152145	0.188011136528326	0.188046718238818	0.187918603221402	0.18790613509773	0.187980164911833	0.187977667205632	0.187963588065033	0.187971226258957	0.18795820789283	0.188048598692951	0.187414258747813	0.187921545134251	0.187977465105309	0.188001479813079	0.188027324171208	0.187925303939751	0.188040739716106	0.188049248071661	0.187958513378305	0.18801499002123	0.188024336406673	0.188025187489643	0.188045869224603	0.187987973911965	0.188001743908818	0.188032362501366	0.187994125131861	0.187764107103784	0.188048533200069
chr7	99652738	99652840	CYP3A5	0.18697777284247	0.186973248037084	0.186981571038069	0.186939400576637	0.186936065632997	0.186964724245821	0.186980928938961	0.186836960643002	0.18697187603723	0.186965800815053	0.186960815945594	0.186969205672431	0.186859902432204	0.186900446235104	0.186973108503446	0.186969855058148	0.186944892919796	0.186981952111436	0.186929875545073	0.186650387187693	0.186951269294643	0.186863082810977	0.186980487795711	0.186956559190565	0.1869760340423	0.186941278440376	0.186904782347866	0.186969787054106	0.186970256428373	0.186948628530507
chr7	99665138	99665240	CYP3A5	0.187981111706424	0.187965901997803	0.187969315604067	0.187835483172068	0.187905086526035	0.187972750071225	0.18783122518773	0.18797139964091	0.187932684901344	0.187855439220953	0.187985749001986	0.187462294111412	0.187713212417736	0.187981258512025	0.187952603762331	0.18798122679555	0.187834411067101	0.187915995124445	0.187969232143304	0.187867303752789	0.187975490164834	0.187885059066659	0.187981672738126	0.187956178199476	0.187904139570701	0.187941580307291	0.187868344378614	0.187985426192244	0.187851637218857	0.187981934873074
chr7	99672831	99672933	CYP3A5	0.188280089539069	0.188270408418423	0.188127459306174	0.188293845567282	0.188117534069512	0.188268339677544	0.188301094011277	0.188236686048341	0.188312964083316	0.188220801591202	0.188313016007967	0.188290455049981	0.187964629288529	0.188059448614955	0.187981436340102	0.188302413299757	0.188213107737581	0.188306411829762	0.188306649285472	0.188122103215977	0.188305729226605	0.188243995440779	0.188294782539248	0.188135586347178	0.188313116459579	0.188125185104223	0.188312523773721	0.188272357153367	0.188114862086214	0.188298445551076
chr7	99758097	99758199	CYP3A4	0.18726773677406	0.187153493109869	0.187203945197309	0.187240356690317	0.18720958038947	0.187209986933356	0.187267292098692	0.187215423953893	0.187268737933962	0.187269079307119	0.187064379064252	0.187253993407285	0.187191577039295	0.187213386597563	0.187151237958447	0.187149251536546	0.187224478059527	0.187259544543389	0.187204983088232	0.187088564936142	0.187176535342351	0.187260765831865	0.187264707313859	0.18722004903282	0.187269040736625	0.187265125339991	0.187226407530902	0.187268289050088	0.187253186196907	0.187139151691866
chr7	99768651	99768753	CYP3A4	0.188197695228782	0.188238535261523	0.188229609822832	0.188247186300943	0.188153480656529	0.188221258345299	0.188244660991969	0.188171526259107	0.188247766253459	0.188236786761426	0.188223074761152	0.188165023320911	0.187912936507023	0.188052329589106	0.188147007044601	0.188195331598285	0.18809809169093	0.188248529774676	0.188232477625353	0.187663516896	0.188134960582991	0.188057609139921	0.188222017826016	0.188174666071997	0.188244880091518	0.188213299581914	0.188243254863861	0.188223833757668	0.188146946364091	0.188037697109691
