CHR	START	STOP	GENE	REGION_COV	AVG_AUTOSOMAL_COV	AVG_TOTAL_COV	AVG_GENE_COV	NORMALIZED_AUTOSOMAL	NORMALIZED_TOTAL	NORMALIZED_GENE
chr10	94645665	94645767	UNKNOWN10	16122.1	17296.1658227848	17296.1658227848	15644.9	0.932119879352789	0.932119879352789	1.03050195271302
chr10	94761842	94761944	UNKNOWN10	15167.7	17296.1658227848	17296.1658227848	15644.9	0.876940019852209	0.876940019852209	0.969498047286975
chr10	94762678	94762874	CYP2C19	17133.2	17296.1658227848	17296.1658227848	16646.4833333333	0.990577922040379	0.990577922040379	1.02923840771174
chr10	94775102	94775204	CYP2C19	15526.8	17296.1658227848	17296.1658227848	16646.4833333333	0.897701846703276	0.897701846703276	0.932737545167197
chr10	94775356	94775484	CYP2C19	15837.4	17296.1658227848	17296.1658227848	16646.4833333333	0.915659583879386	0.915659583879386	0.95139614072642
chr10	94775505	94775607	CYP2C19	14955.4	17296.1658227848	17296.1658227848	16646.4833333333	0.864665623192555	0.864665623192555	0.898411976904031
chr10	94780549	94780752	CYP2C19	16823.7	17296.1658227848	17296.1658227848	16646.4833333333	0.972683782774422	0.972683782774422	1.01064589217542
chr10	94781817	94781982	CYP2C19	18357.9	17296.1658227848	17296.1658227848	16646.4833333333	1.06138552255417	1.06138552255417	1.10280950230729
chr10	94781987	94782089	CYP2C19	18962.8	17296.1658227848	17296.1658227848	16646.4833333333	1.09635859151048	1.09635859151048	1.13914750763174
chr10	94842783	94842885	CYP2C19	16573.7	17296.1658227848	17296.1658227848	16646.4833333333	0.958229712284958	0.958229712284958	0.995627705150938
chr10	94842931	94843033	CYP2C19	17808.6	17296.1658227848	17296.1658227848	16646.4833333333	1.02962703887472	1.02962703887472	1.06981154177709
chr10	94849952	94850054	CYP2C19	14665.6	17296.1658227848	17296.1658227848	16646.4833333333	0.847910464681168	0.847910464681168	0.881002894505246
chr10	94852639	94852767	CYP2C19	17128.6	17296.1658227848	17296.1658227848	16646.4833333333	0.990311967143373	0.990311967143373	1.02896207307049
chr10	94852900	94853002	CYP2C19	15984.1	17296.1658227848	17296.1658227848	16646.4833333333	0.924141232442604	0.924141232442604	0.960208812872388
chr10	94938662	94938838	CYP2C9	15877.8	17296.1658227848	17296.1658227848	16201.8866666667	0.917995361670484	0.917995361670484	0.979996979775606
chr10	94941857	94941959	CYP2C9	16966.7	17296.1658227848	17296.1658227848	16201.8866666667	0.980951511094396	0.980951511094396	1.04720520202791
chr10	94941963	94942065	CYP2C9	17090.8	17296.1658227848	17296.1658227848	16201.8866666667	0.988126511685366	0.988126511685366	1.05486480381091
chr10	94942189	94942296	CYP2C9	16105.3	17296.1658227848	17296.1658227848	16201.8866666667	0.931148565815897	0.931148565815897	0.994038554357661
chr10	94942307	94942409	CYP2C9	14184.7	17296.1658227848	17296.1658227848	16201.8866666667	0.820106614687634	0.820106614687634	0.875496804281641
chr10	94947690	94947792	CYP2C9	11459.4	17296.1658227848	17296.1658227848	16201.8866666667	0.662539901467882	0.662539901467882	0.707287998969667
chr10	94947868	94947970	CYP2C9	16907.7	17296.1658227848	17296.1658227848	16201.8866666667	0.977540350458882	0.977540350458882	1.04356365081762
chr10	94949091	94949193	CYP2C9	15771.5	17296.1658227848	17296.1658227848	16201.8866666667	0.911849490898364	0.911849490898364	0.973436015476387
chr10	94949211	94949313	CYP2C9	16536.1	17296.1658227848	17296.1658227848	16201.8866666667	0.956055820083342	0.956055820083342	1.02062805031348
chr10	94972106	94972229	CYP2C9	16880.8	17296.1658227848	17296.1658227848	16201.8866666667	0.975985092474216	0.975985092474216	1.04190335035056
chr10	94981098	94981200	CYP2C9	16508.6	17296.1658227848	17296.1658227848	16201.8866666667	0.954465872329501	0.954465872329501	1.01893071712224
chr10	94981221	94981323	CYP2C9	17470.5	17296.1658227848	17296.1658227848	16201.8866666667	1.01007935394477	1.01007935394477	1.07830034609138
chr10	94981368	94981471	CYP2C9	17031.3	17296.1658227848	17296.1658227848	16201.8866666667	0.984686442908874	0.984686442908874	1.05119239199715
chr10	94986031	94986192	CYP2C9	16994.1	17296.1658227848	17296.1658227848	16201.8866666667	0.982535677220041	0.982535677220041	1.04889636309845
chr10	94988849	94989023	CYP2C9	17243	17296.1658227848	17296.1658227848	16201.8866666667	0.996926149799352	0.996926149799352	1.06425877150933
chr13	48037751	48037854	NUDT15	14740.9	17296.1658227848	17296.1658227848	15176.45	0.852264030712595	0.852264030712595	0.971300930059401
chr13	48045662	48045764	NUDT15	15612	17296.1658227848	17296.1658227848	15176.45	0.902627793926085	0.902627793926085	1.0286990699406
chr16	31093389	31093491	VKORC1	13740.4	17296.1658227848	17296.1658227848	13898.7	0.794418840613757	0.794418840613757	0.988610445581241
chr16	31094524	31094626	VKORC1	14057	17296.1658227848	17296.1658227848	13898.7	0.812723475481615	0.812723475481615	1.01138955441876
chr16	31096359	31096461	UNKNOWN16	15877.1	17296.1658227848	17296.1658227848	15877.1	0.917954890273113	0.917954890273113	1
chr19	15879568	15879670	CYP4F2	14755.7	17296.1658227848	17296.1658227848	14755.7	0.853119711685571	0.853119711685571	1
chr1	97078964	97079146	DPYD	17321.1	17296.1658227848	17296.1658227848	16808.4125	1.00144160142026	1.00144160142026	1.03050183948068
chr1	97082319	97082478	DPYD	18225.9	17296.1658227848	17296.1658227848	16808.4125	1.05375377333573	1.05375377333573	1.08433202719174
chr1	97098478	97098632	DPYD	17976	17296.1658227848	17296.1658227848	16808.4125	1.03930548447446	1.03930548447446	1.06946447203149
chr1	97193059	97193291	DPYD	18848.9	17296.1658227848	17296.1658227848	16808.4125	1.08977331699548	1.08977331699548	1.12139680056043
chr1	97234841	97234998	DPYD	17560.2	17296.1658227848	17296.1658227848	16808.4125	1.01526547443638	1.01526547443638	1.04472685924385
chr1	97305248	97305410	DPYD	17375.3	17296.1658227848	17296.1658227848	16808.4125	1.00457524390238	1.00457524390238	1.03372641526973
chr1	97306166	97306328	DPYD	17659.4	17296.1658227848	17296.1658227848	16808.4125	1.0210008496066	1.0210008496066	1.05062866585408
chr1	97373550	97373652	DPYD	15811.8	17296.1658227848	17296.1658227848	16808.4125	0.914179487061265	0.914179487061265	0.940707517738513
chr1	97382372	97382477	DPYD	16186.3	17296.1658227848	17296.1658227848	16808.4125	0.935831684654483	0.935831684654483	0.962988027572503
chr1	97450047	97450223	DPYD	17182.2	17296.1658227848	17296.1658227848	16808.4125	0.993410919856314	0.993410919856314	1.02223812034599
chr1	97515715	97515980	DPYD	18731.9	17296.1658227848	17296.1658227848	16808.4125	1.08300881200641	1.08300881200641	1.11443600042538
chr1	97549548	97549766	DPYD	18138.9	17296.1658227848	17296.1658227848	16808.4125	1.0487237568054	1.0487237568054	1.07915604760414
chr1	97573748	97573985	DPYD	19088.7	17296.1658227848	17296.1658227848	16808.4125	1.10363766140897	1.10363766140897	1.13566346613638
chr1	97593206	97593387	DPYD	15414.4	17296.1658227848	17296.1658227848	16808.4125	0.891203296611212	0.891203296611212	0.917064594886638
chr1	97595047	97595175	DPYD	17687.2	17296.1658227848	17296.1658227848	16808.4125	1.02260814224503	1.02260814224503	1.05228259956138
chr1	97679084	97679188	DPYD	13590.1	17296.1658227848	17296.1658227848	16808.4125	0.785729053435491	0.785729053435491	0.808529657396259
chr1	97691706	97691808	DPYD	15091.5	17296.1658227848	17296.1658227848	16808.4125	0.87253441916702	0.87253441916702	0.897853976394261
chr1	97699340	97699595	DPYD	18266.2	17296.1658227848	17296.1658227848	16808.4125	1.05608376949863	1.05608376949863	1.08672963612715
chr1	97720875	97720979	DPYD	15609.8	17296.1658227848	17296.1658227848	16808.4125	0.902500598105778	0.902500598105778	0.928689726052356
chr1	97721499	97721671	DPYD	16321	17296.1658227848	17296.1658227848	16808.4125	0.943619537834207	0.943619537834207	0.971001871830549
chr1	97740385	97740503	DPYD	16836.2	17296.1658227848	17296.1658227848	16808.4125	0.973406486298895	0.973406486298895	1.00165319003207
chr1	97828103	97828205	DPYD	14321.7	17296.1658227848	17296.1658227848	16808.4125	0.82802744531586	0.82802744531586	0.852055481146718
chr1	97883244	97883379	DPYD	16720.5	17296.1658227848	17296.1658227848	16808.4125	0.966717142476371	0.966717142476371	0.994769732120746
chr1	97920862	97920964	DPYD	13436.7	17296.1658227848	17296.1658227848	16808.4125	0.776860035783156	0.776860035783156	0.79940327499697
chr22	42126573	42126747	CYP2D6	17447	17296.1658227848	17296.1658227848	25297.5666666667	1.00872067131876	1.00872067131876	0.689671075083638
chr22	42126857	42127023	CYP2D6	30320.1	17296.1658227848	17296.1658227848	25297.5666666667	1.75299545059046	1.75299545059046	1.19853819932615
chr22	42127446	42127681	CYP2D6	28744.7	17296.1658227848	17296.1658227848	25297.5666666667	1.66191167999405	1.66191167999405	1.13626343508664
chr22	42127782	42128039	CYP2D6	26824.1	17296.1658227848	17296.1658227848	25297.5666666667	1.55086972886579	1.55086972886579	1.06034308965157
chr22	42128161	42128360	CYP2D6	24431.4	17296.1658227848	17296.1658227848	25297.5666666667	1.41253271102522	1.41253271102522	0.965760870281332
chr22	42128763	42128953	CYP2D6	27071.7	17296.1658227848	17296.1658227848	25297.5666666667	1.56518504027855	1.56518504027855	1.0701305922704
chr22	42129013	42129195	CYP2D6	24826.9	17296.1658227848	17296.1658227848	25297.5666666667	1.43539905053955	1.43539905053955	0.981394785005673
chr22	42129727	42129977	CYP2D6	23023.1	17296.1658227848	17296.1658227848	25297.5666666667	1.33111004114397	1.33111004114397	0.910091484424721
chr22	42130609	42130837	CYP2D6	24989.1	17296.1658227848	17296.1658227848	25297.5666666667	1.44477685147312	1.44477685147312	0.987806468869865
chr6	18130685	18130787	TPMT	16241.2	17296.1658227848	17296.1658227848	15536.85	0.93900579853397	0.93900579853397	1.04533415718115
chr6	18138901	18139004	TPMT	13370.9	17296.1658227848	17296.1658227848	15536.85	0.773055724430329	0.773055724430329	0.860592719888523
chr6	18139589	18139691	TPMT	15937.3	17296.1658227848	17296.1658227848	15536.85	0.921435430446976	0.921435430446976	1.02577420777056
chr6	18143710	18143812	TPMT	13308.1	17296.1658227848	17296.1658227848	15536.85	0.769424861923375	0.769424861923375	0.856550716522333
chr6	18148934	18149036	TPMT	16469.4	17296.1658227848	17296.1658227848	15536.85	0.952199474076753	0.952199474076753	1.0600218190946
chr6	18149116	18149218	TPMT	17894.2	17296.1658227848	17296.1658227848	15536.85	1.03457611261031	1.03457611261031	1.15172637954283
chr7	99652738	99652840	CYP3A5	16637.5	17296.1658227848	17296.1658227848	15464.1333333333	0.961918391073869	0.961918391073869	1.07587665221028
chr7	99665138	99665240	CYP3A5	14731.5	17296.1658227848	17296.1658227848	15464.1333333333	0.851720557662191	0.851720557662191	0.952623705606953
chr7	99672831	99672933	CYP3A5	15023.4	17296.1658227848	17296.1658227848	15464.1333333333	0.86859713036569	0.86859713036569	0.971499642182771
chr7	99758097	99758199	CYP3A4	16714.1	17296.1658227848	17296.1658227848	16422.3	0.966347118271841	0.966347118271841	1.0177685220706
chr7	99768651	99768753	CYP3A4	16130.5	17296.1658227848	17296.1658227848	16422.3	0.932605536121235	0.932605536121235	0.982231477929401
