CHR	START	STOP	GENE	REGION_COV	AVG_AUTOSOMAL_COV	AVG_TOTAL_COV	AVG_GENE_COV	NORMALIZED_AUTOSOMAL	NORMALIZED_TOTAL	NORMALIZED_GENE
chr10	94645665	94645767	UNKNOWN10	16295.3	16972.7772151899	16972.7772151899	16026.75	0.960084480777633	0.960084480777633	1.01675636045986
chr10	94761842	94761944	UNKNOWN10	15758.2	16972.7772151899	16972.7772151899	16026.75	0.928439689050836	0.928439689050836	0.983243639540144
chr10	94762678	94762874	CYP2C19	17376.4	16972.7772151899	16972.7772151899	17157.4166666667	1.0237805975824	1.0237805975824	1.01276318793136
chr10	94775102	94775204	CYP2C19	15992.7	16972.7772151899	16972.7772151899	17157.4166666667	0.942255931203012	0.942255931203012	0.932115848831166
chr10	94775356	94775484	CYP2C19	16635.2	16972.7772151899	16972.7772151899	17157.4166666667	0.980110667163665	0.980110667163665	0.969563211244894
chr10	94775505	94775607	CYP2C19	15650.8	16972.7772151899	16972.7772151899	17157.4166666667	0.922111909063016	0.922111909063016	0.912188606482134
chr10	94780549	94780752	CYP2C19	17358.9	16972.7772151899	16972.7772151899	17157.4166666667	1.02274953473522	1.02274953473522	1.01174322086173
chr10	94781817	94781982	CYP2C19	18834.8	16972.7772151899	16972.7772151899	17157.4166666667	1.10970642937231	1.10970642937231	1.09776432932308
chr10	94781987	94782089	CYP2C19	19592.3	16972.7772151899	16972.7772151899	17157.4166666667	1.15433672118584	1.15433672118584	1.14191433248012
chr10	94842783	94842885	CYP2C19	16832.3	16972.7772151899	16972.7772151899	17157.4166666667	0.991723380716731	0.991723380716731	0.981050954640607
chr10	94842931	94843033	CYP2C19	18161.4	16972.7772151899	16972.7772151899	17157.4166666667	1.07003113101292	1.07003113101292	1.05851599648354
chr10	94849952	94850054	CYP2C19	14782.4	16972.7772151899	16972.7772151899	17157.4166666667	0.870947624692229	0.870947624692229	0.861574926295237
chr10	94852639	94852767	CYP2C19	17955.3	16972.7772151899	16972.7772151899	17157.4166666667	1.05788815656702	1.05788815656702	1.04650369859487
chr10	94852900	94853002	CYP2C19	16716.5	16972.7772151899	16972.7772151899	17157.4166666667	0.984900690562266	0.984900690562266	0.974301686831254
chr10	94938662	94938838	CYP2C9	16381.7	16972.7772151899	16972.7772151899	16820.1333333333	0.965174985348839	0.965174985348839	0.973934015584498
chr10	94941857	94941959	CYP2C9	17945.7	16972.7772151899	16972.7772151899	16820.1333333333	1.057322544948	1.057322544948	1.06691782070693
chr10	94941963	94942065	CYP2C9	17923.4	16972.7772151899	16972.7772151899	16820.1333333333	1.05600867629131	1.05600867629131	1.06559202860065
chr10	94942189	94942296	CYP2C9	16897.2	16972.7772151899	16972.7772151899	16820.1333333333	0.995547150932834	0.995547150932834	1.00458181068719
chr10	94942307	94942409	CYP2C9	14953.5	16972.7772151899	16972.7772151899	16820.1333333333	0.881028473443774	0.881028473443774	0.889023868221417
chr10	94947690	94947792	CYP2C9	11690.7	16972.7772151899	16972.7772151899	16820.1333333333	0.688791224428336	0.688791224428336	0.69504205277802
chr10	94947868	94947970	CYP2C9	17000.3	16972.7772151899	16972.7772151899	16820.1333333333	1.00162158404963	1.00162158404963	1.01071136970773
chr10	94949091	94949193	CYP2C9	16437.3	16972.7772151899	16972.7772151899	16820.1333333333	0.968450819309014	0.968450819309014	0.977239577966088
chr10	94949211	94949313	CYP2C9	17050.4	16972.7772151899	16972.7772151899	16820.1333333333	1.00457336968641	1.00457336968641	1.01368994300481
chr10	94972106	94972229	CYP2C9	17303.5	16972.7772151899	16972.7772151899	16820.1333333333	1.01948548435044	1.01948548435044	1.02873738614835
chr10	94981098	94981200	CYP2C9	17106.1	16972.7772151899	16972.7772151899	16820.1333333333	1.00785509543428	1.00785509543428	1.01700145064248
chr10	94981221	94981323	CYP2C9	18288.1	16972.7772151899	16972.7772151899	16820.1333333333	1.07749602602649	1.07749602602649	1.08727437753169
chr10	94981368	94981471	CYP2C9	17728	16972.7772151899	16972.7772151899	16820.1333333333	1.04449612312912	1.04449612312912	1.05397499821642
chr10	94986031	94986192	CYP2C9	17488.4	16972.7772151899	16972.7772151899	16820.1333333333	1.03037939980433	1.03037939980433	1.03973016464396
chr10	94988849	94989023	CYP2C9	18107.7	16972.7772151899	16972.7772151899	16820.1333333333	1.06686724101901	1.06686724101901	1.07654913555977
chr13	48037751	48037854	NUDT15	15817	16972.7772151899	16972.7772151899	16477.55	0.931904060217352	0.931904060217352	0.959912122858071
chr13	48045662	48045764	NUDT15	17138.1	16972.7772151899	16972.7772151899	16477.55	1.00974046749769	1.00974046749769	1.04008787714193
chr16	31093389	31093491	VKORC1	14989.4	16972.7772151899	16972.7772151899	15142	0.883143625227412	0.883143625227412	0.989922071060626
chr16	31094524	31094626	VKORC1	15294.6	16972.7772151899	16972.7772151899	15142	0.901125361282184	0.901125361282184	1.01007792893937
chr16	31096359	31096461	UNKNOWN16	17097.5	16972.7772151899	16972.7772151899	17097.5	1.00734840169224	1.00734840169224	1
chr19	15879568	15879670	CYP4F2	15817.6	16972.7772151899	16972.7772151899	15817.6	0.931939410943541	0.931939410943541	1
chr1	97078964	97079146	DPYD	18061.9	16972.7772151899	16972.7772151899	17170.5041666667	1.06416880225326	1.06416880225326	1.05191436574494
chr1	97082319	97082478	DPYD	18755.5	16972.7772151899	16972.7772151899	17170.5041666667	1.10503424172767	1.10503424172767	1.09230921922551
chr1	97098478	97098632	DPYD	18445.5	16972.7772151899	16972.7772151899	17170.5041666667	1.08676969986339	1.08676969986339	1.07425500270449
chr1	97193059	97193291	DPYD	19598.2	16972.7772151899	16972.7772151899	17170.5041666667	1.15468433666003	1.15468433666003	1.1413875684586
chr1	97234841	97234998	DPYD	18071.3	16972.7772151899	16972.7772151899	17170.5041666667	1.06472263029689	1.06472263029689	1.05246181618138
chr1	97305248	97305410	DPYD	17936.1	16972.7772151899	16972.7772151899	17170.5041666667	1.05675693332898	1.05675693332898	1.04458784820189
chr1	97306166	97306328	DPYD	18098.1	16972.7772151899	16972.7772151899	17170.5041666667	1.06630162939999	1.06630162939999	1.05402263231933
chr1	97373550	97373652	DPYD	16698.6	16972.7772151899	16972.7772151899	17170.5041666667	0.983846060564296	0.983846060564296	0.972516580638163
chr1	97382372	97382477	DPYD	16780.6	16972.7772151899	16972.7772151899	17170.5041666667	0.988677326476784	0.988677326476784	0.977292212105012
chr1	97450047	97450223	DPYD	17783.4	16972.7772151899	16972.7772151899	17170.5041666667	1.04776017351389	1.04776017351389	1.03569469058009
chr1	97515715	97515980	DPYD	19354.4	16972.7772151899	16972.7772151899	17170.5041666667	1.14032015825193	1.14032015825193	1.12718880075595
chr1	97549548	97549766	DPYD	18417	16972.7772151899	16972.7772151899	17170.5041666667	1.08509054036941	1.08509054036941	1.07259517957272
chr1	97573748	97573985	DPYD	19431.1	16972.7772151899	16972.7772151899	17170.5041666667	1.14483915941641	1.14483915941641	1.1316557633597
chr1	97593206	97593387	DPYD	15775.1	16972.7772151899	16972.7772151899	17170.5041666667	0.929435401171824	0.929435401171824	0.918732487227976
chr1	97595047	97595175	DPYD	18103	16972.7772151899	16972.7772151899	17170.5041666667	1.0665903269972	1.0665903269972	1.05430800541918
chr1	97679084	97679188	DPYD	14428.5	16972.7772151899	16972.7772151899	17170.5041666667	0.850096588028454	0.850096588028454	0.84030730023701
chr1	97691706	97691808	DPYD	15216.1	16972.7772151899	16972.7772151899	17170.5041666667	0.896500307939132	0.896500307939132	0.886176658082016
chr1	97699340	97699595	DPYD	18305.8	16972.7772151899	16972.7772151899	17170.5041666667	1.07853887244906	1.07853887244906	1.06611895738841
chr1	97720875	97720979	DPYD	15187.2	16972.7772151899	16972.7772151899	17170.5041666667	0.894797581294365	0.894797581294365	0.884493539186992
chr1	97721499	97721671	DPYD	16427.4	16972.7772151899	16972.7772151899	17170.5041666667	0.967867532326897	0.967867532326897	0.956722053152681
chr1	97740385	97740503	DPYD	16936	16972.7772151899	16972.7772151899	17170.5041666667	0.997833164559719	0.997833164559719	0.986342616128773
chr1	97828103	97828205	DPYD	14281.7	16972.7772151899	16972.7772151899	17170.5041666667	0.841447443687561	0.841447443687561	0.831757755123187
chr1	97883244	97883379	DPYD	16608.3	16972.7772151899	16972.7772151899	17170.5041666667	0.978525776272861	0.978525776272861	0.967257562083816
chr1	97920862	97920964	DPYD	13391.3	16972.7772151899	16972.7772151899	17170.5041666667	0.788986966023179	0.788986966023179	0.77990138612218
chr22	42126573	42126747	CYP2D6	17845.9	16972.7772151899	16972.7772151899	17624.8333333333	1.05144254082524	1.05144254082524	1.01254290820717
chr22	42126857	42127023	CYP2D6	18087	16972.7772151899	16972.7772151899	17624.8333333333	1.0656476409655	1.0656476409655	1.02622247018884
chr22	42127446	42127681	CYP2D6	19888.9	16972.7772151899	16972.7772151899	17624.8333333333	1.17181176349857	1.17181176349857	1.12845889795648
chr22	42127782	42128039	CYP2D6	18087.6	16972.7772151899	16972.7772151899	17624.8333333333	1.06568299169168	1.06568299169168	1.02625651306395
chr22	42128161	42128360	CYP2D6	16571.7	16972.7772151899	16972.7772151899	17624.8333333333	0.976369381975336	0.976369381975336	0.940247189098715
chr22	42128763	42128953	CYP2D6	17022.2	16972.7772151899	16972.7772151899	17624.8333333333	1.00291188555553	1.00291188555553	0.965807714493754
chr22	42129013	42129195	CYP2D6	17095.4	16972.7772151899	16972.7772151899	17624.8333333333	1.00722467415058	1.00722467415058	0.969960945257166
chr22	42129727	42129977	CYP2D6	16879.2	16972.7772151899	16972.7772151899	17624.8333333333	0.994486629147166	0.994486629147166	0.957694162592554
chr22	42130609	42130837	CYP2D6	17145.6	16972.7772151899	16972.7772151899	17624.8333333333	1.01018235157505	1.01018235157505	0.972809199141363
chr6	18130685	18130787	TPMT	17284	16972.7772151899	16972.7772151899	16659.2333333333	1.0183365857493	1.0183365857493	1.03750272621589
chr6	18138901	18139004	TPMT	15877.2	16972.7772151899	16972.7772151899	16659.2333333333	0.935450916411642	0.935450916411642	0.953057063450299
chr6	18139589	18139691	TPMT	16691.8	16972.7772151899	16972.7772151899	16659.2333333333	0.983445419000821	0.983445419000821	1.00195487187286
chr6	18143710	18143812	TPMT	13951.3	16972.7772151899	16972.7772151899	16659.2333333333	0.821980977132853	0.821980977132853	0.837451503370503
chr6	18148934	18149036	TPMT	17300.1	16972.7772151899	16972.7772151899	16659.2333333333	1.01928516356871	1.01928516356871	1.03846915724413
chr6	18149116	18149218	TPMT	18851	16972.7772151899	16972.7772151899	16659.2333333333	1.11066089897941	1.11066089897941	1.13156467784632
chr7	99652738	99652840	CYP3A5	17319.4	16972.7772151899	16972.7772151899	16409.8333333333	1.02042227859445	1.02042227859445	1.05542814775693
chr7	99665138	99665240	CYP3A5	15374	16972.7772151899	16972.7772151899	16409.8333333333	0.90580344071452	0.90580344071452	0.936877278867346
chr7	99672831	99672933	CYP3A5	16536.1	16972.7772151899	16972.7772151899	16409.8333333333	0.974271905554792	0.974271905554792	1.00769457337572
chr7	99758097	99758199	CYP3A4	17382.3	16972.7772151899	16972.7772151899	17275.1	1.02412821305659	1.02412821305659	1.00620546335477
chr7	99768651	99768753	CYP3A4	17167.9	16972.7772151899	16972.7772151899	17275.1	1.01149622023174	1.01149622023174	0.993794536645229
