CHR	START	STOP	GENE	REGION_COV	AVG_AUTOSOMAL_COV	AVG_TOTAL_COV	AVG_GENE_COV	NORMALIZED_AUTOSOMAL	NORMALIZED_TOTAL	NORMALIZED_GENE
chr10	94645665	94645767	UNKNOWN10	15438.4	15965.0189873418	15965.0189873418	14897.1	0.967014195989412	0.967014195989412	1.03633593115439
chr10	94761842	94761944	UNKNOWN10	14355.8	15965.0189873418	15965.0189873418	14897.1	0.899203440433258	0.899203440433258	0.963664068845614
chr10	94762678	94762874	CYP2C19	15671	15965.0189873418	15965.0189873418	15671.65	0.981583549159892	0.981583549159892	0.999958523831249
chr10	94775102	94775204	CYP2C19	14803.7	15965.0189873418	15965.0189873418	15671.65	0.927258527643309	0.927258527643309	0.944616552819901
chr10	94775356	94775484	CYP2C19	15311.9	15965.0189873418	15965.0189873418	15671.65	0.959090622575544	0.959090622575544	0.977044535833814
chr10	94775505	94775607	CYP2C19	14375.9	15965.0189873418	15965.0189873418	15671.65	0.900462443007319	0.900462443007319	0.917318852832982
chr10	94780549	94780752	CYP2C19	15939.4	15965.0189873418	15965.0189873418	15671.65	0.998395304924969	0.998395304924969	1.01708499105072
chr10	94781817	94781982	CYP2C19	17223.9	15965.0189873418	15965.0189873418	15671.65	1.07885245947132	1.07885245947132	1.0990482814509
chr10	94781987	94782089	CYP2C19	17473.1	15965.0189873418	15965.0189873418	15671.65	1.09446158591192	1.09446158591192	1.11494960645497
chr10	94842783	94842885	CYP2C19	15372.1	15965.0189873418	15965.0189873418	15671.65	0.96286136660333	0.96286136660333	0.980885867155022
chr10	94842931	94843033	CYP2C19	16731.2	15965.0189873418	15965.0189873418	15671.65	1.04799123717082	1.04799123717082	1.06760934553796
chr10	94849952	94850054	CYP2C19	13732.2	15965.0189873418	15965.0189873418	15671.65	0.860143042165368	0.860143042165368	0.876244683871832
chr10	94852639	94852767	CYP2C19	16256.6	15965.0189873418	15965.0189873418	15671.65	1.01826374355642	1.01826374355642	1.037325361401
chr10	94852900	94853002	CYP2C19	15168.8	15965.0189873418	15965.0189873418	15671.65	0.950127275891556	0.950127275891556	0.967913397759649
chr10	94938662	94938838	CYP2C9	14825.3	15965.0189873418	15965.0189873418	15330.78	0.928611485633345	0.928611485633345	0.967028422559061
chr10	94941857	94941959	CYP2C9	16203.9	15965.0189873418	15965.0189873418	15330.78	1.01496277660851	1.01496277660851	1.05695209245714
chr10	94941963	94942065	CYP2C9	16413.5	15965.0189873418	15965.0189873418	15330.78	1.02809148006738	1.02809148006738	1.07062393433341
chr10	94942189	94942296	CYP2C9	15165.6	15965.0189873418	15965.0189873418	15330.78	0.94992683767081	0.94992683767081	0.989225597132044
chr10	94942307	94942409	CYP2C9	13419.3	15965.0189873418	15965.0189873418	15330.78	0.840543942393041	0.840543942393041	0.87531749852258
chr10	94947690	94947792	CYP2C9	10700.1	15965.0189873418	15965.0189873418	15330.78	0.670221564314068	0.670221564314068	0.697948832349039
chr10	94947868	94947970	CYP2C9	15874.2	15965.0189873418	15965.0189873418	15330.78	0.994311376177268	0.994311376177268	1.03544633736835
chr10	94949091	94949193	CYP2C9	15017.8	15965.0189873418	15965.0189873418	15330.78	0.940669097350101	0.940669097350101	0.979584861305165
chr10	94949211	94949313	CYP2C9	15700.4	15965.0189873418	15965.0189873418	15330.78	0.983425075312997	0.983425075312997	1.02410966695758
chr10	94972106	94972229	CYP2C9	15755.9	15965.0189873418	15965.0189873418	15330.78	0.986901425704061	0.986901425704061	1.02772983501166
chr10	94981098	94981200	CYP2C9	15483.8	15965.0189873418	15965.0189873418	15330.78	0.969857913246247	0.969857913246247	1.00998122730872
chr10	94981221	94981323	CYP2C9	16695.7	15965.0189873418	15965.0189873418	15330.78	1.04576762565942	1.04576762565942	1.08903134739394
chr10	94981368	94981471	CYP2C9	16307.1	15965.0189873418	15965.0189873418	15330.78	1.02142690922757	1.02142690922757	1.06368364819011
chr10	94986031	94986192	CYP2C9	15874.7	15965.0189873418	15965.0189873418	15330.78	0.994342694649259	0.994342694649259	1.03547895149497
chr10	94988849	94989023	CYP2C9	16524.4	15965.0189873418	15965.0189873418	15330.78	1.03503791715511	1.03503791715511	1.07785774761623
chr13	48037751	48037854	NUDT15	13783.1	15965.0189873418	15965.0189873418	14661.9	0.86333126261411	0.86333126261411	0.940062338441812
chr13	48045662	48045764	NUDT15	15540.7	15965.0189873418	15965.0189873418	14661.9	0.973421955358888	0.973421955358888	1.05993766155819
chr16	31093389	31093491	VKORC1	12657.6	15965.0189873418	15965.0189873418	12783.35	0.792833382161078	0.792833382161078	0.990162985445912
chr16	31094524	31094626	VKORC1	12909.1	15965.0189873418	15965.0189873418	12783.35	0.808586573572839	0.808586573572839	1.00983701455409
chr16	31096359	31096461	UNKNOWN16	14684	15965.0189873418	15965.0189873418	14684	0.919760885448527	0.919760885448527	1
chr19	15879568	15879670	CYP4F2	14010.7	15965.0189873418	15965.0189873418	14010.7	0.877587431064674	0.877587431064674	1
chr1	97078964	97079146	DPYD	16572.9	15965.0189873418	15965.0189873418	15968.0083333333	1.03807580893829	1.03807580893829	1.0378814723815
chr1	97082319	97082478	DPYD	17369	15965.0189873418	15965.0189873418	15968.0083333333	1.08794108004328	1.08794108004328	1.08773740828667
chr1	97098478	97098632	DPYD	17182.8	15965.0189873418	15965.0189873418	15968.0083333333	1.07627808107361	1.07627808107361	1.0760765927289
chr1	97193059	97193291	DPYD	17909	15965.0189873418	15965.0189873418	15968.0083333333	1.12176502979417	1.12176502979417	1.12155502590857
chr1	97234841	97234998	DPYD	16689.2	15965.0189873418	15965.0189873418	15968.0083333333	1.04536048552353	1.04536048552353	1.04516478521377
chr1	97305248	97305410	DPYD	16401.2	15965.0189873418	15965.0189873418	15968.0083333333	1.02732104565639	1.02732104565639	1.02712872248209
chr1	97306166	97306328	DPYD	16739.6	15965.0189873418	15965.0189873418	15968.0083333333	1.04851738750028	1.04851738750028	1.04832109619181
chr1	97373550	97373652	DPYD	15136.6	15965.0189873418	15965.0189873418	15968.0083333333	0.948110366295299	0.948110366295299	0.947932872029021
chr1	97382372	97382477	DPYD	15175.2	15965.0189873418	15965.0189873418	15968.0083333333	0.950528152333048	0.950528152333048	0.950350205436808
chr1	97450047	97450223	DPYD	16657.3	15965.0189873418	15965.0189873418	15968.0083333333	1.04336236701047	1.04336236701047	1.04316704076536
chr1	97515715	97515980	DPYD	18152	15965.0189873418	15965.0189873418	15968.0083333333	1.13698580718208	1.13698580718208	1.13677295383843
chr1	97549548	97549766	DPYD	17040.5	15965.0189873418	15965.0189873418	15968.0083333333	1.06736484394481	1.06736484394481	1.06716502423335
chr1	97573748	97573985	DPYD	18116.8	15965.0189873418	15965.0189873418	15968.0083333333	1.13478098675387	1.13478098675387	1.13456854617122
chr1	97593206	97593387	DPYD	14770.2	15965.0189873418	15965.0189873418	15968.0083333333	0.925160190019874	0.925160190019874	0.924986992220382
chr1	97595047	97595175	DPYD	16659.3	15965.0189873418	15965.0189873418	15968.0083333333	1.04348764089844	1.04348764089844	1.043292291201
chr1	97679084	97679188	DPYD	12816.2	15965.0189873418	15965.0189873418	15968.0083333333	0.802767601476805	0.802767601476805	0.802617316603354
chr1	97691706	97691808	DPYD	14473.3	15965.0189873418	15965.0189873418	15968.0083333333	0.906563281351277	0.906563281351277	0.906393565050118
chr1	97699340	97699595	DPYD	17258.5	15965.0189873418	15965.0189873418	15968.0083333333	1.08101969773314	1.08101969773314	1.08081732171775
chr1	97720875	97720979	DPYD	14628	15965.0189873418	15965.0189873418	15968.0083333333	0.91625321658547	0.91625321658547	0.916081686246615
chr1	97721499	97721671	DPYD	15537.8	15965.0189873418	15965.0189873418	15968.0083333333	0.973240308221337	0.973240308221337	0.973058109417737
chr1	97740385	97740503	DPYD	16034.7	15965.0189873418	15965.0189873418	15968.0083333333	1.00436460568656	1.00436460568656	1.00417658015167
chr1	97828103	97828205	DPYD	13571.2	15965.0189873418	15965.0189873418	15968.0083333333	0.850058494184081	0.850058494184081	0.849899356056198
chr1	97883244	97883379	DPYD	15782.3	15965.0189873418	15965.0189873418	15968.0083333333	0.988555041025217	0.988555041025217	0.98836997517432
chr1	97920862	97920964	DPYD	12558.6	15965.0189873418	15965.0189873418	15968.0083333333	0.786632324706746	0.786632324706746	0.786485060493351
chr22	42126573	42126747	CYP2D6	15907.4	15965.0189873418	15965.0189873418	20515.6777777778	0.996390922717508	0.996390922717508	0.775377746341416
chr22	42126857	42127023	CYP2D6	26212.7	15965.0189873418	15965.0189873418	20515.6777777778	1.64188342154703	1.64188342154703	1.27769115326978
chr22	42127446	42127681	CYP2D6	23942.1	15965.0189873418	15965.0189873418	20515.6777777778	1.4996599765389	1.4996599765389	1.16701481956076
chr22	42127782	42128039	CYP2D6	20767.1	15965.0189873418	15965.0189873418	20515.6777777778	1.30078767939241	1.30078767939241	1.01225512629637
chr22	42128161	42128360	CYP2D6	19015.7	15965.0189873418	15965.0189873418	20515.6777777778	1.19108533570032	1.19108533570032	0.926886267466994
chr22	42128763	42128953	CYP2D6	21776.5	15965.0189873418	15965.0189873418	20515.6777777778	1.36401341064899	1.36401341064899	1.06145652295182
chr22	42129013	42129195	CYP2D6	19510	15965.0189873418	15965.0189873418	20515.6777777778	1.22204677711119	1.22204677711119	0.950980036405762
chr22	42129727	42129977	CYP2D6	17977.8	15965.0189873418	15965.0189873418	20515.6777777778	1.12607445154022	1.12607445154022	0.876295689312943
chr22	42130609	42130837	CYP2D6	19531.8	15965.0189873418	15965.0189873418	20515.6777777778	1.22341226249003	1.22341226249003	0.95204263839416
chr6	18130685	18130787	TPMT	15070.2	15965.0189873418	15965.0189873418	14482.8166666667	0.943951273214818	0.943951273214818	1.04055725808401
chr6	18138901	18139004	TPMT	13382.9	15965.0189873418	15965.0189873418	14482.8166666667	0.838263957632054	0.838263957632054	0.924053677403912
chr6	18139589	18139691	TPMT	14522.2	15965.0189873418	15965.0189873418	14482.8166666667	0.909626227912053	0.909626227912053	1.00271931449799
chr6	18143710	18143812	TPMT	12255.1	15965.0189873418	15965.0189873418	14482.8166666667	0.767622012207861	0.767622012207861	0.846182084746406
chr6	18148934	18149036	TPMT	15211.1	15965.0189873418	15965.0189873418	14482.8166666667	0.952776818622043	0.952776818622043	1.05028602861552
chr6	18149116	18149218	TPMT	16455.4	15965.0189873418	15965.0189873418	14482.8166666667	1.03071596802027	1.03071596802027	1.13620163665217
chr7	99652738	99652840	CYP3A5	15788.2	15965.0189873418	15965.0189873418	14557.6666666667	0.988924598994717	0.988924598994717	1.08452819820026
chr7	99665138	99665240	CYP3A5	13651	15965.0189873418	15965.0189873418	14557.6666666667	0.855056922313936	0.855056922313936	0.937718956792526
chr7	99672831	99672933	CYP3A5	14233.8	15965.0189873418	15965.0189873418	14557.6666666667	0.891561733267314	0.891561733267314	0.977752845007213
chr7	99758097	99758199	CYP3A4	16043	15965.0189873418	15965.0189873418	15696.2	1.00488449232162	1.00488449232162	1.02209451969266
chr7	99768651	99768753	CYP3A4	15349.4	15965.0189873418	15965.0189873418	15696.2	0.961439507974912	0.961439507974912	0.977905480307335
