CHR	START	STOP	GENE	REGION_COV	AVG_AUTOSOMAL_COV	AVG_TOTAL_COV	AVG_GENE_COV	NORMALIZED_AUTOSOMAL	NORMALIZED_TOTAL	NORMALIZED_GENE
chr10	94645665	94645767	UNKNOWN10	14416.1	14993.9708860759	14993.9708860759	13985.25	0.961459783371156	0.961459783371156	1.03080745785739
chr10	94761842	94761944	UNKNOWN10	13554.4	14993.9708860759	14993.9708860759	13985.25	0.903990017253348	0.903990017253348	0.969192542142615
chr10	94762678	94762874	CYP2C19	14819.2	14993.9708860759	14993.9708860759	14847.125	0.988343922540343	0.988343922540343	0.998119164484707
chr10	94775102	94775204	CYP2C19	14023.4	14993.9708860759	14993.9708860759	14847.125	0.935269256326404	0.935269256326404	0.944519561868038
chr10	94775356	94775484	CYP2C19	14215.4	14993.9708860759	14993.9708860759	14847.125	0.94807440323904	0.94807440323904	0.957451358427978
chr10	94775505	94775607	CYP2C19	13544.1	14993.9708860759	14993.9708860759	14847.125	0.903303074476264	0.903303074476264	0.912237217643146
chr10	94780549	94780752	CYP2C19	15081.9	14993.9708860759	14993.9708860759	14847.125	1.00586429802966	1.00586429802966	1.01581282571542
chr10	94781817	94781982	CYP2C19	16764.3	14993.9708860759	14993.9708860759	14847.125	1.11806939785164	1.11806939785164	1.12912769307189
chr10	94781987	94782089	CYP2C19	16846.7	14993.9708860759	14993.9708860759	14847.125	1.12356494006832	1.12356494006832	1.13467758909553
chr10	94842783	94842885	CYP2C19	14290.1	14993.9708860759	14993.9708860759	14847.125	0.953056405709738	0.953056405709738	0.96248263552708
chr10	94842931	94843033	CYP2C19	15866.1	14993.9708860759	14993.9708860759	14847.125	1.05816531995096	1.05816531995096	1.06863113228992
chr10	94849952	94850054	CYP2C19	12959.7	14993.9708860759	14993.9708860759	14847.125	0.864327408560926	0.864327408560926	0.872876061863829
chr10	94852639	94852767	CYP2C19	15431.4	14993.9708860759	14993.9708860759	14847.125	1.02917366701907	1.02917366701907	1.03935273664093
chr10	94852900	94853002	CYP2C19	14323.2	14993.9708860759	14993.9708860759	14847.125	0.955263959682698	0.955263959682698	0.964712023371528
chr10	94938662	94938838	CYP2C9	13974.9	14993.9708860759	14993.9708860759	14522.7866666667	0.932034622861493	0.932034622861493	0.962273998837689
chr10	94941857	94941959	CYP2C9	15310.9	14993.9708860759	14993.9708860759	14522.7866666667	1.02113710346192	1.02113710346192	1.05426736282936
chr10	94941963	94942065	CYP2C9	15234.8	14993.9708860759	14993.9708860759	14522.7866666667	1.01606173012832	1.01606173012832	1.04902732166187
chr10	94942189	94942296	CYP2C9	14499.9	14993.9708860759	14993.9708860759	14522.7866666667	0.967048696450734	0.967048696450734	0.998424085735612
chr10	94942307	94942409	CYP2C9	12870.7	14993.9708860759	14993.9708860759	14522.7866666667	0.858391689419131	0.858391689419131	0.886241758927809
chr10	94947690	94947792	CYP2C9	10303.3	14993.9708860759	14993.9708860759	14522.7866666667	0.687162865546717	0.687162865546717	0.709457505400708
chr10	94947868	94947970	CYP2C9	14845.1	14993.9708860759	14993.9708860759	14522.7866666667	0.990071283504079	0.990071283504079	1.02219362858735
chr10	94949091	94949193	CYP2C9	14105	14993.9708860759	14993.9708860759	14522.7866666667	0.940711443764274	0.940711443764274	0.971232334657536
chr10	94949211	94949313	CYP2C9	14882.7	14993.9708860759	14993.9708860759	14522.7866666667	0.992578958107803	0.992578958107803	1.02478266338233
chr10	94972106	94972229	CYP2C9	14892	14993.9708860759	14993.9708860759	14522.7866666667	0.993199207411384	0.993199207411384	1.02542303635023
chr10	94981098	94981200	CYP2C9	14921.2	14993.9708860759	14993.9708860759	14522.7866666667	0.995146656837681	0.995146656837681	1.02743366975484
chr10	94981221	94981323	CYP2C9	15732.5	14993.9708860759	14993.9708860759	14522.7866666667	1.04925507189092	1.04925507189092	1.0832976040411
chr10	94981368	94981471	CYP2C9	15476.2	14993.9708860759	14993.9708860759	14522.7866666667	1.03216153463202	1.03216153463202	1.06564947590407
chr10	94986031	94986192	CYP2C9	15197.3	14993.9708860759	14993.9708860759	14522.7866666667	1.01356072487195	1.01356072487195	1.04644517259773
chr10	94988849	94989023	CYP2C9	15595.3	14993.9708860759	14993.9708860759	14522.7866666667	1.04010472732627	1.04010472732627	1.07385038133177
chr13	48037751	48037854	NUDT15	12328.6	14993.9708860759	14993.9708860759	13400.65	0.822237157432984	0.822237157432984	0.920000149246492
chr13	48045662	48045764	NUDT15	14472.7	14993.9708860759	14993.9708860759	13400.65	0.965234633971444	0.965234633971444	1.07999985075351
chr16	31093389	31093491	VKORC1	12231.2	14993.9708860759	14993.9708860759	12156.15	0.815741213113761	0.815741213113761	1.0061738297076
chr16	31094524	31094626	VKORC1	12081.1	14993.9708860759	14993.9708860759	12156.15	0.805730522740913	0.805730522740913	0.993826170292403
chr16	31096359	31096461	UNKNOWN16	13821.2	14993.9708860759	14993.9708860759	13821.2	0.921783835984033	0.921783835984033	1
chr19	15879568	15879670	CYP4F2	13164.9	14993.9708860759	14993.9708860759	13164.9	0.878012909323807	0.878012909323807	1
chr1	97078964	97079146	DPYD	15483.9	14993.9708860759	14993.9708860759	15149.425	1.032675074378	1.032675074378	1.02207839571469
chr1	97082319	97082478	DPYD	16542.7	14993.9708860759	14993.9708860759	15149.425	1.10329012412331	1.10329012412331	1.09196883710108
chr1	97098478	97098632	DPYD	16115.4	14993.9708860759	14993.9708860759	15149.425	1.07479200289534	1.07479200289534	1.06376314612601
chr1	97193059	97193291	DPYD	17192.1	14993.9708860759	14993.9708860759	15149.425	1.14660086581636	1.14660086581636	1.13483515050901
chr1	97234841	97234998	DPYD	16086	14993.9708860759	14993.9708860759	15149.425	1.07283121477434	1.07283121477434	1.0618224784109
chr1	97305248	97305410	DPYD	15228.7	14993.9708860759	14993.9708860759	15149.425	1.01565489993995	1.01565489993995	1.00523287187468
chr1	97306166	97306328	DPYD	15847.7	14993.9708860759	14993.9708860759	15149.425	1.0569381600385	1.0569381600385	1.04609250846154
chr1	97373550	97373652	DPYD	14323	14993.9708860759	14993.9708860759	15149.425	0.955250620987997	0.955250620987997	0.945448424610175
chr1	97382372	97382477	DPYD	14727	14993.9708860759	14993.9708860759	15149.425	0.982194784283337	0.982194784283337	0.972116103416466
chr1	97450047	97450223	DPYD	15698.4	14993.9708860759	14993.9708860759	15149.425	1.04698082444446	1.04698082444446	1.03623734894229
chr1	97515715	97515980	DPYD	16905.2	14993.9708860759	14993.9708860759	15149.425	1.12746650826826	1.12746650826826	1.11589713801019
chr1	97549548	97549766	DPYD	16404.7	14993.9708860759	14993.9708860759	15149.425	1.09408642477985	1.09408642477985	1.08285958047913
chr1	97573748	97573985	DPYD	17207.8	14993.9708860759	14993.9708860759	15149.425	1.14764795335036	1.14764795335036	1.13587149347252
chr1	97593206	97593387	DPYD	13998.1	14993.9708860759	14993.9708860759	15149.425	0.93358191144677	0.93358191144677	0.924002066085016
chr1	97595047	97595175	DPYD	15849.1	14993.9708860759	14993.9708860759	15149.425	1.05703153090141	1.05703153090141	1.04618492120988
chr1	97679084	97679188	DPYD	12505.2	14993.9708860759	14993.9708860759	15149.425	0.834015224853669	0.834015224853669	0.825457071803055
chr1	97691706	97691808	DPYD	13674.1	14993.9708860759	14993.9708860759	15149.425	0.911973226031696	0.911973226031696	0.902615115755218
chr1	97699340	97699595	DPYD	16350.1	14993.9708860759	14993.9708860759	15149.425	1.09044496112657	1.09044496112657	1.07925548329392
chr1	97720875	97720979	DPYD	13836.8	14993.9708860759	14993.9708860759	15149.425	0.922824254170685	0.922824254170685	0.913354797294286
chr1	97721499	97721671	DPYD	14637.7	14993.9708860759	14993.9708860759	15149.425	0.976239057099491	0.976239057099491	0.96622149025458
chr1	97740385	97740503	DPYD	15260.4	14993.9708860759	14993.9708860759	15149.425	1.01776908305001	1.01776908305001	1.00732536053349
chr1	97828103	97828205	DPYD	13067.9	14993.9708860759	14993.9708860759	15149.425	0.871543642393985	0.871543642393985	0.86260039572459
chr1	97883244	97883379	DPYD	15030.4	14993.9708860759	14993.9708860759	15149.425	1.00242958414424	1.00242958414424	0.992143266163567
chr1	97920862	97920964	DPYD	11613.8	14993.9708860759	14993.9708860759	15149.425	0.774564662572813	0.774564662572813	0.766616554753728
chr22	42126573	42126747	CYP2D6	14557.9	14993.9708860759	14993.9708860759	18617.0777777778	0.970916917913926	0.970916917913926	0.781964826798811
chr22	42126857	42127023	CYP2D6	22712.7	14993.9708860759	14993.9708860759	18617.0777777778	1.51478885563877	1.51478885563877	1.21999275456167
chr22	42127446	42127681	CYP2D6	20898	14993.9708860759	14993.9708860759	18617.0777777778	1.3937602092723	1.3937602092723	1.1225177361049
chr22	42127782	42128039	CYP2D6	19419.4	14993.9708860759	14993.9708860759	18617.0777777778	1.2951472393503	1.2951472393503	1.04309603428632
chr22	42128161	42128360	CYP2D6	17687.4	14993.9708860759	14993.9708860759	18617.0777777778	1.17963414324255	1.17963414324255	0.950063173776526
chr22	42128763	42128953	CYP2D6	19342.1	14993.9708860759	14993.9708860759	18617.0777777778	1.28999183384849	1.28999183384849	1.03894393260191
chr22	42129013	42129195	CYP2D6	17842.1	14993.9708860759	14993.9708860759	18617.0777777778	1.18995162359352	1.18995162359352	0.958372748557626
chr22	42129727	42129977	CYP2D6	16882.9	14993.9708860759	14993.9708860759	18617.0777777778	1.12597924380914	1.12597924380914	0.906850162067445
chr22	42130609	42130837	CYP2D6	18211.2	14993.9708860759	14993.9708860759	18617.0777777778	1.21456818466359	1.21456818466359	0.978198631244789
chr6	18130685	18130787	TPMT	14021.3	14993.9708860759	14993.9708860759	13565.25	0.935129200032047	0.935129200032047	1.03361898969794
chr6	18138901	18139004	TPMT	12431	14993.9708860759	14993.9708860759	13565.25	0.829066569119723	0.829066569119723	0.916385617662778
chr6	18139589	18139691	TPMT	13736.7	14993.9708860759	14993.9708860759	13565.25	0.916148237473003	0.916148237473003	1.01263891192569
chr6	18143710	18143812	TPMT	11755.7	14993.9708860759	14993.9708860759	13565.25	0.784028466462934	0.784028466462934	0.866604006560882
chr6	18148934	18149036	TPMT	14247.8	14993.9708860759	14993.9708860759	13565.25	0.950235271780548	0.950235271780548	1.05031606494536
chr6	18149116	18149218	TPMT	15199	14993.9708860759	14993.9708860759	13565.25	1.0136741037769	1.0136741037769	1.12043640920735
chr7	99652738	99652840	CYP3A5	14808.8	14993.9708860759	14993.9708860759	13629.1666666667	0.987650310415908	0.987650310415908	1.0865521247325
chr7	99665138	99665240	CYP3A5	12723	14993.9708860759	14993.9708860759	13629.1666666667	0.848541063382692	0.848541063382692	0.933512687251605
chr7	99672831	99672933	CYP3A5	13355.7	14993.9708860759	14993.9708860759	13629.1666666667	0.89073802406824	0.89073802406824	0.979935188015897
chr7	99758097	99758199	CYP3A4	14790.6	14993.9708860759	14993.9708860759	14513.65	0.986436489198148	0.986436489198148	1.01908203656558
chr7	99768651	99768753	CYP3A4	14236.7	14993.9708860759	14993.9708860759	14513.65	0.949494974224661	0.949494974224661	0.980917963434422
