CHR	START	STOP	GENE	REGION_COV	AVG_AUTOSOMAL_COV	AVG_TOTAL_COV	AVG_GENE_COV	NORMALIZED_AUTOSOMAL	NORMALIZED_TOTAL	NORMALIZED_GENE
chr10	94645665	94645767	UNKNOWN10	15675.3	16592.8594936709	16592.8594936709	15256.5	0.944701545021768	0.944701545021768	1.02745059482843
chr10	94761842	94761944	UNKNOWN10	14837.7	16592.8594936709	16592.8594936709	15256.5	0.894221999870465	0.894221999870465	0.972549405171566
chr10	94762678	94762874	CYP2C19	16334.4	16592.8594936709	16592.8594936709	16274.55	0.984423450715685	0.984423450715685	1.00367752103745
chr10	94775102	94775204	CYP2C19	15396.6	16592.8594936709	16592.8594936709	16274.55	0.927905163415192	0.927905163415192	0.94605380793939
chr10	94775356	94775484	CYP2C19	15860.4	16592.8594936709	16592.8594936709	16274.55	0.955856945938084	0.955856945938084	0.974552291768436
chr10	94775505	94775607	CYP2C19	15253.1	16592.8594936709	16592.8594936709	16274.55	0.919256865027881	0.919256865027881	0.937236359837906
chr10	94780549	94780752	CYP2C19	16524.6	16592.8594936709	16592.8594936709	16274.55	0.995886212759355	0.995886212759355	1.01536448012387
chr10	94781817	94781982	CYP2C19	17327.6	16592.8594936709	16592.8594936709	16274.55	1.04428052359567	1.04428052359567	1.06470532211336
chr10	94781987	94782089	CYP2C19	18137.5	16592.8594936709	16592.8594936709	16274.55	1.09309067595723	1.09309067595723	1.1144701389593
chr10	94842783	94842885	CYP2C19	15828	16592.8594936709	16592.8594936709	16274.55	0.953904298776071	0.953904298776071	0.972561453312073
chr10	94842931	94843033	CYP2C19	17295.2	16592.8594936709	16592.8594936709	16274.55	1.04232787643366	1.04232787643366	1.062714483657
chr10	94849952	94850054	CYP2C19	14510.4	16592.8594936709	16592.8594936709	16274.55	0.874496647520868	0.874496647520868	0.891600689419984
chr10	94852639	94852767	CYP2C19	17125.1	16592.8594936709	16592.8594936709	16274.55	1.03207647883309	1.03207647883309	1.05226258176109
chr10	94852900	94853002	CYP2C19	15701.7	16592.8594936709	16592.8594936709	16274.55	0.946292590857483	0.946292590857483	0.96480087007014
chr10	94938662	94938838	CYP2C9	15627.2	16592.8594936709	16592.8594936709	16060.1	0.941802707722607	0.941802707722607	0.973044999719802
chr10	94941857	94941959	CYP2C9	16854.1	16592.8594936709	16592.8594936709	16060.1	1.01574415226193	1.01574415226193	1.04943929365321
chr10	94941963	94942065	CYP2C9	16832.7	16592.8594936709	16592.8594936709	16060.1	1.01445444086479	1.01445444086479	1.04810679883687
chr10	94942189	94942296	CYP2C9	16018.5	16592.8594936709	16592.8594936709	16060.1	0.965385140886056	0.965385140886056	0.997409729702804
chr10	94942307	94942409	CYP2C9	14420.6	16592.8594936709	16592.8594936709	16060.1	0.869084681003931	0.869084681003931	0.897914707878531
chr10	94947690	94947792	CYP2C9	11989.6	16592.8594936709	16592.8594936709	16060.1	0.722575876965225	0.722575876965225	0.746545787386131
chr10	94947868	94947970	CYP2C9	16551.2	16592.8594936709	16592.8594936709	16060.1	0.997489311972612	0.997489311972612	1.03057888805176
chr10	94949091	94949193	CYP2C9	15252.7	16592.8594936709	16592.8594936709	16060.1	0.919232758272794	0.919232758272794	0.949726340433746
chr10	94949211	94949313	CYP2C9	16012.1	16592.8594936709	16592.8594936709	16060.1	0.964999432804671	0.964999432804671	0.997011226580158
chr10	94972106	94972229	CYP2C9	16668.8	16592.8594936709	16592.8594936709	16060.1	1.00457669796807	1.00457669796807	1.03790138293037
chr10	94981098	94981200	CYP2C9	16294.7	16592.8594936709	16592.8594936709	16060.1	0.982030855273341	0.982030855273341	1.01460763008948
chr10	94981221	94981323	CYP2C9	17385	16592.8594936709	16592.8594936709	16060.1	1.04773984295059	1.04773984295059	1.08249637299892
chr10	94981368	94981471	CYP2C9	16971	16592.8594936709	16592.8594936709	16060.1	1.02278935143598	1.02278935143598	1.05671820225279
chr10	94986031	94986192	CYP2C9	16813.2	16592.8594936709	16592.8594936709	16060.1	1.01327923655432	1.01327923655432	1.04689260963506
chr10	94988849	94989023	CYP2C9	17210.1	16592.8594936709	16592.8594936709	16060.1	1.03719916428899	1.03719916428899	1.07160602985037
chr13	48037751	48037854	NUDT15	15058.9	16592.8594936709	16592.8594936709	15828.75	0.907553035433345	0.907553035433345	0.951363815841428
chr13	48045662	48045764	NUDT15	16598.6	16592.8594936709	16592.8594936709	15828.75	1.00034596245037	1.00034596245037	1.04863618415857
chr16	31093389	31093491	VKORC1	13539	16592.8594936709	16592.8594936709	13686.7	0.815953392793103	0.815953392793103	0.989208501684117
chr16	31094524	31094626	VKORC1	13834.4	16592.8594936709	16592.8594936709	13686.7	0.833756231424544	0.833756231424544	1.01079149831588
chr16	31096359	31096461	UNKNOWN16	15605.5	16592.8594936709	16592.8594936709	15605.5	0.94049491625916	0.94049491625916	1
chr19	15879568	15879670	CYP4F2	14723.1	16592.8594936709	16592.8594936709	14723.1	0.887315414538159	0.887315414538159	1
chr1	97078964	97079146	DPYD	17091.1	16592.8594936709	16592.8594936709	16430.2708333333	1.03002740465073	1.03002740465073	1.04022022359644
chr1	97082319	97082478	DPYD	17845.4	16592.8594936709	16592.8594936709	16430.2708333333	1.07548671805525	1.07548671805525	1.08612938770283
chr1	97098478	97098632	DPYD	17520.1	16592.8594936709	16592.8594936709	16430.2708333333	1.05588189948109	1.05588189948109	1.06633056616788
chr1	97193059	97193291	DPYD	18659.8	16592.8594936709	16592.8594936709	16430.2708333333	1.12456807141153	1.12456807141153	1.1356964343
chr1	97234841	97234998	DPYD	17164.8	16592.8594936709	16592.8594936709	16430.2708333333	1.03446907427543	1.03446907427543	1.04470584655102
chr1	97305248	97305410	DPYD	16911	16592.8594936709	16592.8594936709	16430.2708333333	1.01917333817299	1.01917333817299	1.02925874877798
chr1	97306166	97306328	DPYD	17360.9	16592.8594936709	16592.8594936709	16430.2708333333	1.04628741095663	1.04628741095663	1.05664113367983
chr1	97373550	97373652	DPYD	16033.6	16592.8594936709	16592.8594936709	16430.2708333333	0.966295170890575	0.966295170890575	0.975857316208776
chr1	97382372	97382477	DPYD	14898.5	16592.8594936709	16592.8594936709	16430.2708333333	0.897886226643625	0.897886226643625	0.906771419115885
chr1	97450047	97450223	DPYD	16915.7	16592.8594936709	16592.8594936709	16430.2708333333	1.01945659254526	1.01945659254526	1.02954480614415
chr1	97515715	97515980	DPYD	18333	16592.8594936709	16592.8594936709	16430.2708333333	1.10487285250579	1.10487285250579	1.11580631786096
chr1	97549548	97549766	DPYD	17908.3	16592.8594936709	16592.8594936709	16430.2708333333	1.07927750529262	1.07927750529262	1.08995768734792
chr1	97573748	97573985	DPYD	18731.2	16592.8594936709	16592.8594936709	16430.2708333333	1.12887112719449	1.12887112719449	1.14004207173497
chr1	97593206	97593387	DPYD	15437.6	16592.8594936709	16592.8594936709	16430.2708333333	0.930376105811567	0.930376105811567	0.939582807647977
chr1	97595047	97595175	DPYD	17128.4	16592.8594936709	16592.8594936709	16430.2708333333	1.03227535956255	1.03227535956255	1.04249042354496
chr1	97679084	97679188	DPYD	12715.9	16592.8594936709	16592.8594936709	16430.2708333333	0.766347717513687	0.766347717513687	0.773931247329307
chr1	97691706	97691808	DPYD	14796.1	16592.8594936709	16592.8594936709	16430.2708333333	0.89171489734146	0.89171489734146	0.9005390203296
chr1	97699340	97699595	DPYD	17875	16592.8594936709	16592.8594936709	16430.2708333333	1.07727061793166	1.07727061793166	1.08793094047699
chr1	97720875	97720979	DPYD	15168.9	16592.8594936709	16592.8594936709	16430.2708333333	0.914182393082155	0.914182393082155	0.923228847160919
chr1	97721499	97721671	DPYD	15846.4	16592.8594936709	16592.8594936709	16430.2708333333	0.955013209510054	0.955013209510054	0.964463712177599
chr1	97740385	97740503	DPYD	16480	16592.8594936709	16592.8594936709	16430.2708333333	0.993198309567201	0.993198309567201	1.00302667966774
chr1	97828103	97828205	DPYD	13989.5	16592.8594936709	16592.8594936709	16430.2708333333	0.843103625709366	0.843103625709366	0.851446707233726
chr1	97883244	97883379	DPYD	16120.2	16592.8594936709	16592.8594936709	16430.2708333333	0.97151428336682	0.97151428336682	0.981128075338583
chr1	97920862	97920964	DPYD	13395.1	16592.8594936709	16592.8594936709	16430.2708333333	0.807280987650705	0.807280987650705	0.815269579903963
chr22	42126573	42126747	CYP2D6	16378.9	16592.8594936709	16592.8594936709	21036.3555555556	0.987105327219067	0.987105327219067	0.778599694074597
chr22	42126857	42127023	CYP2D6	24242.5	16592.8594936709	16592.8594936709	21036.3555555556	1.46102002546619	1.46102002546619	1.15240969073646
chr22	42127446	42127681	CYP2D6	24033	16592.8594936709	16592.8594936709	21036.3555555556	1.4483941124896	1.4483941124896	1.14245074136204
chr22	42127782	42128039	CYP2D6	21882.2	16592.8594936709	16592.8594936709	21036.3555555556	1.31877209038904	1.31877209038904	1.04020869690145
chr22	42128161	42128360	CYP2D6	20126.1	16592.8594936709	16592.8594936709	21036.3555555556	1.21293740887017	1.21293740887017	0.956729408135756
chr22	42128763	42128953	CYP2D6	22793.7	16592.8594936709	16592.8594936709	21036.3555555556	1.37370535854259	1.37370535854259	1.08353844561162
chr22	42129013	42129195	CYP2D6	20465.7	16592.8594936709	16592.8594936709	21036.3555555556	1.23340404393868	1.23340404393868	0.972872888840061
chr22	42129727	42129977	CYP2D6	19326.7	16592.8594936709	16592.8594936709	21036.3555555556	1.16476005882964	1.16476005882964	0.918728529234046
chr22	42130609	42130837	CYP2D6	20078.4	16592.8594936709	16592.8594936709	21036.3555555556	1.2100626783261	1.2100626783261	0.954461905103968
chr6	18130685	18130787	TPMT	16027.3	16592.8594936709	16592.8594936709	15186.65	0.965915489497961	0.965915489497961	1.05535453836099
chr6	18138901	18139004	TPMT	13189.2	16592.8594936709	16592.8594936709	15186.65	0.794872035469886	0.794872035469886	0.868473297270958
chr6	18139589	18139691	TPMT	15299.3	16592.8594936709	16592.8594936709	15186.65	0.922041195240381	0.922041195240381	1.00741769909756
chr6	18143710	18143812	TPMT	13149.7	16592.8594936709	16592.8594936709	15186.65	0.792491493405086	0.792491493405086	0.865872328657077
chr6	18148934	18149036	TPMT	16060.2	16592.8594936709	16592.8594936709	15186.65	0.967898270103832	0.967898270103832	1.05752091475078
chr6	18149116	18149218	TPMT	17394.2	16592.8594936709	16592.8594936709	15186.65	1.04829429831759	1.04829429831759	1.14536122186262
chr7	99652738	99652840	CYP3A5	16783.4	16592.8594936709	16592.8594936709	15869.8666666667	1.01148328330037	1.01148328330037	1.05756402070171
chr7	99665138	99665240	CYP3A5	14682.6	16592.8594936709	16592.8594936709	15869.8666666667	0.884874605585642	0.884874605585642	0.925187357171663
chr7	99672831	99672933	CYP3A5	16143.6	16592.8594936709	16592.8594936709	15869.8666666667	0.972924528539385	0.972924528539385	1.01724862212663
chr7	99758097	99758199	CYP3A4	16348.7	16592.8594936709	16592.8594936709	16192.05	0.98528526721003	0.98528526721003	1.00967450075809
chr7	99768651	99768753	CYP3A4	16035.4	16592.8594936709	16592.8594936709	16192.05	0.966403651288464	0.966403651288464	0.990325499241912
